Time,Channel 1,Channel 2
20538.20363688469,0.544,-0.016
20538.203903253278,0.56,0.0
20538.204169621866,0.544,0.0
20538.204435990454,0.56,-0.016
20538.204702359042,0.544,-0.016
20538.204968727627,0.56,0.0
20538.205235096215,0.544,0.0
20538.205501464803,0.56,-0.016
20538.20576783339,0.544,0.0
20538.20603420198,0.56,-0.016
20538.206300570568,0.544,0.0
20538.206566939156,0.56,-0.008
20538.206833307744,0.544,0.0
20538.207099676332,0.56,-0.016
20538.20736604492,0.544,0.0
20538.207632413505,0.56,-0.008
20538.207898782093,0.544,-0.008
20538.20816515068,0.56,0.0
20538.20843151927,0.544,-0.008
20538.208697887858,0.56,0.0
20538.208964256446,0.544,-0.008
20538.209230625034,0.56,0.024
20538.209496993622,0.544,0.016
20538.20976336221,0.56,0.12
20538.210029730795,0.544,0.128
20538.210296099383,0.56,0.28
20538.21056246797,0.544,0.28800000000000003
20538.21082883656,0.56,0.36
20538.211095205148,0.544,0.36
20538.211361573736,0.56,0.392
20538.211627942324,0.56,0.384
20538.211894310913,0.544,0.4
20538.2121606795,0.56,0.392
20538.212427048085,0.544,0.4
20538.212693416674,0.544,0.392
20538.21295978526,0.56,0.392
20538.21322615385,0.544,0.392
20538.213492522438,0.56,0.392
20538.213758891026,0.544,0.392
20538.214025259615,0.552,0.4
20538.214291628203,0.544,0.392
20538.21455799679,0.56,0.4
20538.21482436538,0.544,0.392
20538.215090733964,0.56,0.4
20538.215357102552,0.56,0.392
20538.21562347114,0.544,0.4
20538.21588983973,0.56,0.392
20538.216156208317,0.544,0.4
20538.216422576905,0.544,0.392
20538.216688945493,0.56,0.40800000000000003
20538.21695531408,0.56,0.4
20538.21722168267,0.536,0.392
20538.217488051254,0.552,0.392
20538.217754419842,0.544,0.40800000000000003
20538.21802078843,0.544,0.4
20538.21828715702,0.552,0.448
20538.218553525607,0.544,0.432
20538.218819894195,0.56,0.456
20538.219086262783,0.544,0.44
20538.21935263137,0.56,0.4
20538.21961899996,0.544,0.40800000000000003
20538.219885368544,0.552,0.392
20538.220151737132,0.544,0.392
20538.22041810572,0.56,0.4
20538.22068447431,0.544,0.40800000000000003
20538.220950842897,0.56,0.392
20538.221217211485,0.544,0.4
20538.221483580073,0.56,0.392
20538.22174994866,0.544,0.4
20538.22201631725,0.56,0.392
20538.222282685838,0.56,0.392
20538.222549054422,0.536,0.392
20538.22281542301,0.544,0.392
20538.2230817916,0.56,0.4
20538.223348160187,0.56,0.392
20538.223614528775,0.544,0.4
20538.223880897363,0.56,0.392
20538.22414726595,0.544,0.4
20538.22441363454,0.544,0.392
20538.224680003128,0.56,0.4
20538.224946371713,0.544,0.4
20538.2252127403,0.56,0.392
20538.22547910889,0.544,0.392
20538.225745477477,0.552,0.4
20538.226011846065,0.544,0.392
20538.226278214654,0.56,0.4
20538.22654458324,0.544,0.392
20538.22681095183,0.56,0.40800000000000003
20538.227077320418,0.544,0.392
20538.227343689006,0.56,0.4
20538.22761005759,0.536,0.392
20538.22787642618,0.56,0.40800000000000003
20538.228142794767,0.544,0.392
20538.228409163356,0.56,0.4
20538.228675531944,0.544,0.392
20538.228941900532,0.56,0.4
20538.22920826912,0.544,0.4
20538.22947463771,0.56,0.392
20538.229741006297,0.544,0.392
20538.23000737488,0.56,0.4
20538.23027374347,0.544,0.392
20538.230540112057,0.56,0.4
20538.230806480646,0.544,0.392
20538.231072849234,0.552,0.40800000000000003
20538.231339217822,0.544,0.4
20538.23160558641,0.56,0.392
20538.231871955,0.544,0.392
20538.232138323587,0.56,0.392
20538.23240469217,0.544,0.392
20538.23267106076,0.56,0.392
20538.232937429348,0.544,0.392
20538.233203797936,0.56,0.4
20538.233470166524,0.544,0.392
20538.233736535112,0.552,0.40800000000000003
20538.2340029037,0.544,0.40800000000000003
20538.23426927229,0.56,0.392
20538.234535640877,0.544,0.392
20538.234802009465,0.552,0.4
20538.23506837805,0.544,0.392
20538.235334746638,0.56,0.40800000000000003
20538.235601115226,0.544,0.392
20538.235867483814,0.56,0.4
20538.236133852402,0.544,0.392
20538.23640022099,0.56,0.4
20538.23666658958,0.552,0.4
20538.236932958167,0.528,0.392
20538.237199326755,0.536,0.392
20538.23746569534,0.504,0.392
20538.237732063928,0.504,0.392
20538.237998432516,0.536,0.4
20538.238264801104,0.544,0.392
20538.238531169693,0.528,0.4
20538.23879753828,0.536,0.392
20538.23906390687,0.528,0.4
20538.239330275457,0.536,0.392
20538.239596644045,0.512,0.4
20538.23986301263,0.528,0.4
20538.240129381218,0.56,0.392
20538.240395749806,0.544,0.392
20538.240662118395,0.56,0.392
20538.240928486983,0.544,0.392
20538.24119485557,0.56,0.4
20538.24146122416,0.56,0.392
20538.241727592747,0.536,0.4
20538.241993961336,0.544,0.4
20538.242260329924,0.56,0.392
20538.24252669851,0.56,0.392
20538.242793067096,0.544,0.4
20538.243059435685,0.544,0.4
20538.243325804273,0.56,0.392
20538.24359217286,0.56,0.392
20538.24385854145,0.536,0.4
20538.244124910037,0.544,0.392
20538.244391278626,0.56,0.4
20538.244657647214,0.544,0.4
20538.2449240158,0.552,0.392
20538.245190384387,0.552,0.40800000000000003
20538.245456752975,0.536,0.392
20538.245723121563,0.544,0.392
20538.24598949015,0.56,0.4
20538.24625585874,0.544,0.392
20538.246522227328,0.56,0.4
20538.246788595916,0.544,0.392
20538.247054964504,0.56,0.4
20538.247321333092,0.544,0.4
20538.247587701677,0.56,0.392
20538.247854070265,0.544,0.392
20538.248120438853,0.56,0.40800000000000003
20538.24838680744,0.56,0.392
20538.24865317603,0.544,0.4
20538.248919544618,0.552,0.392
20538.249185913206,0.536,0.4
20538.249452281794,0.544,0.392
20538.249718650382,0.56,0.392
20538.249985018967,0.544,0.392
20538.250251387555,0.56,0.40800000000000003
20538.250517756143,0.544,0.392
20538.25078412473,0.56,0.4
20538.25105049332,0.544,0.392
20538.251316861908,0.56,0.4
20538.251583230496,0.544,0.392
20538.251849599084,0.56,0.40800000000000003
20538.252115967673,0.544,0.392
20538.252382336257,0.56,0.392
20538.252648704845,0.544,0.392
20538.252915073434,0.56,0.4
20538.25318144202,0.544,0.392
20538.25344781061,0.56,0.4
20538.253714179198,0.544,0.392
20538.253980547786,0.56,0.40800000000000003
20538.254246916375,0.536,0.392
20538.254513284963,0.56,0.392
20538.25477965355,0.544,0.392
20538.255046022136,0.552,0.4
20538.255312390724,0.544,0.4
20538.255578759312,0.56,0.392
20538.2558451279,0.544,0.392
20538.25611149649,0.56,0.4
20538.256377865077,0.544,0.4
20538.256644233665,0.56,0.392
20538.256910602253,0.544,0.392
20538.25717697084,0.56,0.4
20538.257443339426,0.544,0.392
20538.257709708014,0.56,0.4
20538.257976076602,0.544,0.392
20538.25824244519,0.56,0.4
20538.25850881378,0.544,0.392
20538.258775182367,0.56,0.4
20538.259041550955,0.544,0.392
20538.259307919543,0.56,0.392
20538.25957428813,0.544,0.392
20538.259840656716,0.5680000000000001,0.392
20538.260107025304,0.552,0.392
20538.260373393892,0.544,0.392
20538.26063976248,0.544,0.392
20538.26090613107,0.56,0.4
20538.261172499657,0.552,0.40800000000000003
20538.261438868245,0.536,0.392
20538.261705236833,0.544,0.392
20538.26197160542,0.56,0.4
20538.26223797401,0.544,0.392
20538.262504342594,0.56,0.4
20538.262770711182,0.544,0.392
20538.26303707977,0.552,0.40800000000000003
20538.26330344836,0.544,0.392
20538.263569816947,0.56,0.4
20538.263836185535,0.544,0.392
20538.264102554123,0.56,0.4
20538.26436892271,0.544,0.392
20538.2646352913,0.56,0.4
20538.264901659884,0.5680000000000001,0.392
20538.265168028473,0.544,0.4
20538.26543439706,0.544,0.392
20538.26570076565,0.56,0.40800000000000003
20538.265967134237,0.544,0.40800000000000003
20538.266233502825,0.56,0.392
20538.266499871414,0.544,0.392
20538.26676624,0.56,0.4
20538.26703260859,0.544,0.392
20538.267298977178,0.56,0.40800000000000003
20538.267565345763,0.544,0.392
20538.26783171435,0.56,0.4
20538.26809808294,0.544,0.392
20538.268364451527,0.56,0.4
20538.268630820116,0.56,0.4
20538.268897188704,0.544,0.392
20538.269163557292,0.544,0.392
20538.26942992588,0.56,0.4
20538.26969629447,0.544,0.392
20538.269962663053,0.56,0.4
20538.27022903164,0.536,0.392
20538.27049540023,0.56,0.4
20538.270761768817,0.544,0.4
20538.271028137406,0.56,0.392
20538.271294505994,0.544,0.392
20538.271560874582,0.56,0.4
20538.27182724317,0.56,0.392
20538.27209361176,0.544,0.4
20538.272359980343,0.544,0.392
20538.27262634893,0.56,0.40800000000000003
20538.27289271752,0.544,0.4
20538.273159086108,0.56,0.392
20538.273425454696,0.544,0.392
20538.273691823284,0.552,0.4
20538.273958191872,0.544,0.392
20538.27422456046,0.552,0.4
20538.27449092905,0.544,0.392
20538.274757297637,0.56,0.4
20538.27502366622,0.544,0.4
20538.27529003481,0.56,0.376
20538.275556403398,0.536,0.376
20538.275822771986,0.56,0.312
20538.276089140574,0.552,0.312
20538.276355509162,0.544,0.168
20538.27662187775,0.544,0.16
20538.27688824634,0.56,0.056
20538.277154614927,0.544,0.056
20538.27742098351,0.56,0.016
20538.2776873521,0.544,0.016
20538.277953720688,0.56,-0.008
20538.278220089276,0.544,0.0
20538.278486457864,0.56,-0.008
20538.278752826453,0.56,0.0
20538.27901919504,0.544,-0.008
20538.27928556363,0.544,-0.008
20538.279551932217,0.552,0.0
20538.2798183008,0.544,-0.008
20538.28008466939,0.56,0.0
20538.280351037978,0.552,-0.008
20538.280617406566,0.528,0.0
20538.280883775155,0.528,0.0
20538.281150143743,0.512,-0.008
20538.28141651233,0.528,0.0
20538.28168288092,0.496,-0.008
20538.281949249507,0.496,-0.008
20538.282215618096,0.512,0.0
20538.28248198668,0.528,0.0
20538.28274835527,0.504,-0.008
20538.283014723856,0.496,0.0
20538.283281092445,0.52,-0.016
20538.283547461033,0.512,-0.008
20538.28381382962,0.536,0.0
20538.28408019821,0.52,0.0
20538.284346566797,0.504,-0.008
20538.284612935386,0.52,0.0
20538.28487930397,0.496,-0.008
20538.28514567256,0.496,0.0
20538.285412041147,0.52,-0.008
20538.285678409735,0.496,-0.008
20538.285944778323,0.512,0.0
20538.28621114691,0.488,0.0
20538.2864775155,0.512,-0.008
20538.286743884088,0.496,-0.008
20538.287010252676,0.52,0.0
20538.287276621264,0.496,0.0
20538.28754298985,0.512,-0.008
20538.287809358437,0.496,-0.008
20538.288075727025,0.528,0.0
20538.288342095613,0.512,0.0
20538.2886084642,0.536,-0.008
20538.28887483279,0.528,-0.008
20538.289141201378,0.496,0.0
20538.289407569966,0.496,0.0
20538.289673938554,0.512,-0.008
20538.28994030714,0.496,-0.008
20538.290206675727,0.504,0.0
20538.290473044315,0.496,0.0
20538.290739412903,0.512,-0.008
20538.29100578149,0.496,0.0
20538.29127215008,0.52,-0.008
20538.291538518668,0.52,0.0
20538.291804887256,0.496,-0.008
20538.292071255844,0.496,-0.008
20538.29233762443,0.52,0.0
20538.292603993017,0.528,0.0
20538.292870361605,0.496,-0.008
20538.293136730194,0.496,0.0
20538.29340309878,0.504,-0.016
20538.29366946737,0.496,0.0
20538.293935835958,0.512,-0.008
20538.294202204546,0.496,-0.008
20538.294468573135,0.528,0.0
20538.294734941723,0.512,-0.008
20538.295001310307,0.536,0.0
20538.295267678895,0.536,-0.008
20538.295534047484,0.496,0.0
20538.295800416072,0.504,-0.008
20538.29606678466,0.488,0.0
20538.29633315325,0.496,-0.008
20538.296599521836,0.504,0.0
20538.296865890425,0.496,0.0
20538.297132259013,0.512,-0.008
20538.297398627597,0.528,0.0
20538.297664996186,0.496,-0.008
20538.297931364774,0.496,0.0
20538.298197733362,0.528,-0.008
20538.29846410195,0.536,0.0
20538.29873047054,0.504,-0.016
20538.298996839127,0.512,0.0
20538.299263207715,0.496,-0.016
20538.299529576303,0.512,0.0
20538.299795944888,0.544,-0.008
20538.300062313476,0.528,-0.008
20538.300328682064,0.544,0.0
20538.300595050652,0.528,-0.008
20538.30086141924,0.496,0.0
20538.30112778783,0.496,0.0
20538.301394156417,0.528,-0.008
20538.301660525005,0.52,0.0
20538.301926893593,0.536,-0.008
20538.30219326218,0.52,0.0
20538.302459630766,0.544,-0.008
20538.302725999354,0.544,-0.008
20538.302992367942,0.512,0.0
20538.30325873653,0.52,0.0
20538.30352510512,0.496,-0.016
20538.303791473707,0.512,-0.016
20538.304057842295,0.496,0.0
20538.304324210883,0.512,-0.008
20538.30459057947,0.496,0.0
20538.304856948056,0.512,0.0
20538.305123316644,0.496,-0.008
20538.305389685233,0.496,-0.008
20538.30565605382,0.528,0.0
20538.30592242241,0.52,0.0
20538.306188790997,0.536,-0.016
20538.306455159585,0.512,0.0
20538.306721528174,0.496,-0.008
20538.30698789676,0.496,-0.008
20538.30725426535,0.52,0.0
20538.307520633934,0.52,0.0
20538.307787002523,0.496,-0.016
20538.30805337111,0.512,0.0
20538.3083197397,0.496,-0.016
20538.308586108287,0.512,0.0
20538.308852476875,0.496,-0.008
20538.309118845464,0.496,-0.008
20538.309385214052,0.512,0.0
20538.30965158264,0.504,0.0
20538.309917951225,0.52,-0.016
20538.310184319813,0.504,-0.008
20538.3104506884,0.552,0.0
20538.31071705699,0.536,0.0
20538.310983425577,0.552,-0.008
20538.311249794166,0.536,0.0
20538.311516162754,0.544,-0.016
20538.311782531342,0.536,-0.008
20538.31204889993,0.552,0.0
20538.312315268515,0.536,0.0
20538.312581637103,0.552,-0.008
20538.31284800569,0.56,0.0
20538.31311437428,0.536,-0.008
20538.313380742868,0.536,0.0
20538.313647111456,0.552,-0.008
20538.313913480044,0.536,0.0
20538.314179848632,0.552,-0.008
20538.31444621722,0.552,0.0
20538.31471258581,0.536,-0.016
20538.314978954393,0.536,0.0
20538.31524532298,0.552,-0.008
20538.31551169157,0.552,-0.008
20538.315778060158,0.536,0.0
20538.316044428746,0.536,-0.008
20538.316310797334,0.56,0.0
20538.316577165922,0.552,-0.008
20538.31684353451,0.536,0.0
20538.3171099031,0.544,0.0
20538.317376271683,0.552,-0.016
20538.31764264027,0.552,-0.008
20538.31790900886,0.536,0.0
20538.318175377448,0.552,0.0
20538.318441746036,0.536,-0.016
20538.318708114624,0.552,-0.008
20538.318974483213,0.536,0.0
20538.3192408518,0.536,0.0
20538.31950722039,0.56,-0.016
20538.319773588973,0.544,0.0
20538.32003995756,0.56,-0.016
20538.32030632615,0.552,0.0
20538.320572694738,0.544,-0.016
20538.320839063326,0.56,0.0
20538.321105431914,0.536,-0.008
20538.321371800503,0.552,0.0
20538.32163816909,0.536,-0.016
20538.32190453768,0.56,0.0
20538.322170906267,0.544,-0.016
20538.322437274852,0.544,0.0
20538.32270364344,0.56,-0.016
20538.32297001203,0.544,0.0
20538.323236380616,0.56,-0.016
20538.323502749205,0.56,-0.008
20538.323769117793,0.536,0.0
20538.32403548638,0.544,0.0
20538.32430185497,0.56,-0.016
20538.324568223557,0.544,0.0
20538.324834592142,0.56,-0.016
20538.32510096073,0.544,0.0
20538.32536732932,0.56,-0.016
20538.325633697907,0.544,0.0
20538.325900066495,0.56,-0.016
20538.326166435083,0.544,0.0
20538.32643280367,0.56,-0.016
20538.32669917226,0.544,0.0
20538.326965540848,0.56,-0.008
20538.327231909436,0.544,0.0
20538.32749827802,0.56,-0.016
20538.32776464661,0.544,0.0
20538.328031015197,0.552,-0.008
20538.328297383785,0.544,0.0
20538.328563752373,0.552,-0.008
20538.32883012096,0.536,-0.008
20538.32909648955,0.56,0.0
20538.329362858138,0.544,0.0
20538.329629226726,0.56,-0.016
20538.32989559531,0.544,0.0
20538.3301619639,0.56,-0.008
20538.330428332487,0.544,0.0
20538.330694701075,0.552,-0.016
20538.330961069663,0.544,-0.016
20538.33122743825,0.56,0.0
20538.33149380684,0.544,-0.008
20538.331760175428,0.56,0.0
20538.332026544016,0.544,-0.016
20538.3322929126,0.56,0.0
20538.33255928119,0.544,0.0
20538.332825649777,0.56,-0.016
20538.333092018365,0.56,0.0
20538.333358386953,0.536,-0.016
20538.33362475554,0.544,0.0
20538.33389112413,0.56,-0.016
20538.334157492718,0.544,0.0
20538.334423861306,0.56,-0.016
20538.334690229894,0.56,0.0
20538.33495659848,0.544,-0.008
20538.335222967067,0.544,-0.008
20538.335489335655,0.56,0.0
20538.335755704244,0.544,0.0
20538.336022072832,0.56,-0.016
20538.33628844142,0.544,0.0
20538.33655481001,0.552,-0.016
20538.336821178596,0.544,-0.016
20538.337087547185,0.552,0.0
20538.33735391577,0.544,-0.016
20538.337620284357,0.56,0.0
20538.337886652946,0.544,0.0
20538.338153021534,0.56,-0.008
20538.338419390122,0.544,0.0
20538.33868575871,0.56,-0.016
20538.3389521273,0.536,0.0
20538.339218495887,0.56,-0.008
20538.339484864475,0.544,0.0
20538.33975123306,0.56,-0.016
20538.340017601648,0.544,-0.008
20538.340283970236,0.56,0.0
20538.340550338824,0.544,0.0
20538.340816707412,0.56,-0.008
20538.341083076,0.544,0.0
20538.34134944459,0.56,-0.016
20538.341615813177,0.56,0.0
20538.341882181765,0.544,-0.008
20538.342148550353,0.544,-0.008
20538.342414918938,0.552,0.024
20538.342681287526,0.56,0.016
20538.342947656114,0.544,0.12
20538.343214024702,0.544,0.128
20538.34348039329,0.56,0.272
20538.34374676188,0.544,0.28
20538.344013130467,0.56,0.36
20538.344279499055,0.56,0.36
20538.344545867643,0.544,0.392
20538.344812236228,0.536,0.384
20538.345078604816,0.56,0.392
20538.345344973404,0.544,0.392
20538.345611341992,0.56,0.392
20538.34587771058,0.552,0.392
20538.34614407917,0.544,0.4
20538.346410447757,0.544,0.392
20538.346676816345,0.56,0.40800000000000003
20538.346943184933,0.544,0.392
20538.34720955352,0.56,0.4
20538.347475922106,0.544,0.392
20538.347742290694,0.56,0.4
20538.348008659283,0.56,0.392
20538.34827502787,0.544,0.4
20538.34854139646,0.544,0.392
20538.348807765047,0.56,0.4
20538.349074133635,0.544,0.4
20538.349340502224,0.56,0.392
20538.349606870812,0.544,0.392
20538.349873239396,0.56,0.4
20538.350139607985,0.536,0.392
20538.350405976573,0.56,0.4
20538.35067234516,0.544,0.392
20538.35093871375,0.56,0.4
20538.351205082337,0.544,0.392
20538.351471450926,0.56,0.392
20538.351737819514,0.56,0.4
20538.352004188102,0.544,0.392
20538.352270556687,0.544,0.392
20538.352536925275,0.56,0.4
20538.352803293863,0.544,0.392
20538.35306966245,0.56,0.40800000000000003
20538.35333603104,0.544,0.392
20538.353602399628,0.56,0.392
20538.353868768216,0.544,0.392
20538.354135136804,0.56,0.4
20538.354401505392,0.544,0.392
20538.35466787398,0.56,0.4
20538.354934242565,0.56,0.392
20538.355200611153,0.544,0.4
20538.35546697974,0.552,0.392
20538.35573334833,0.544,0.4
20538.355999716918,0.552,0.4
20538.356266085506,0.544,0.392
20538.356532454094,0.544,0.392
20538.356798822682,0.56,0.392
20538.35706519127,0.544,0.4
20538.357331559855,0.56,0.392
20538.357597928443,0.544,0.392
20538.35786429703,0.552,0.4
20538.35813066562,0.544,0.392
20538.358397034208,0.56,0.40800000000000003
20538.358663402796,0.544,0.40800000000000003
20538.358929771384,0.56,0.392
20538.359196139972,0.56,0.392
20538.35946250856,0.544,0.392
20538.359728877145,0.544,0.4
20538.359995245733,0.56,0.392
20538.36026161432,0.544,0.392
20538.36052798291,0.56,0.392
20538.360794351498,0.56,0.392
20538.361060720086,0.544,0.4
20538.361327088674,0.544,0.392
20538.361593457263,0.56,0.4
20538.36185982585,0.544,0.392
20538.36212619444,0.56,0.4
20538.362392563024,0.544,0.392
20538.36265893161,0.56,0.40800000000000003
20538.3629253002,0.544,0.392
20538.36319166879,0.56,0.40800000000000003
20538.363458037376,0.544,0.392
20538.363724405965,0.552,0.4
20538.363990774553,0.544,0.4
20538.36425714314,0.56,0.392
20538.36452351173,0.544,0.4
20538.364789880314,0.56,0.392
20538.365056248902,0.544,0.392
20538.36532261749,0.56,0.40800000000000003
20538.36558898608,0.544,0.4
20538.365855354667,0.56,0.392
20538.366121723255,0.536,0.4
20538.366388091843,0.56,0.392
20538.36665446043,0.56,0.392
20538.36692082902,0.544,0.40800000000000003
20538.367187197608,0.56,0.4
20538.367453566192,0.544,0.392
20538.36771993478,0.544,0.392
20538.36798630337,0.56,0.4
20538.368252671957,0.544,0.4
20538.368519040545,0.56,0.392
20538.368785409133,0.544,0.392
20538.36905177772,0.56,0.4
20538.36931814631,0.56,0.4
20538.369584514898,0.544,0.392
20538.369850883482,0.544,0.392
20538.37011725207,0.56,0.392
20538.37038362066,0.544,0.392
20538.370649989247,0.56,0.392
20538.370916357835,0.552,0.392
20538.371182726423,0.544,0.392
20538.37144909501,0.56,0.392
20538.3717154636,0.536,0.4
20538.371981832188,0.56,0.4
20538.372248200772,0.544,0.392
20538.37251456936,0.544,0.392
20538.37278093795,0.56,0.392
20538.373047306537,0.544,0.392
20538.373313675125,0.56,0.4
20538.373580043713,0.56,0.392
20538.3738464123,0.544,0.40800000000000003
20538.37411278089,0.552,0.4
20538.374379149478,0.536,0.392
20538.374645518066,0.528,0.392
20538.37491188665,0.56,0.4
20538.37517825524,0.544,0.4
20538.375444623827,0.56,0.392
20538.375710992415,0.544,0.392
20538.375977361004,0.56,0.392
20538.37624372959,0.56,0.392
20538.37651009818,0.544,0.4
20538.37677646677,0.56,0.392
20538.377042835356,0.536,0.4
20538.37730920394,0.56,0.392
20538.37757557253,0.544,0.4
20538.377841941117,0.544,0.392
20538.378108309706,0.56,0.4
20538.378374678294,0.544,0.4
20538.378641046882,0.56,0.392
20538.37890741547,0.544,0.392
20538.37917378406,0.56,0.392
20538.379440152647,0.544,0.4
20538.37970652123,0.56,0.392
20538.37997288982,0.544,0.392
20538.380239258408,0.56,0.4
20538.380505626996,0.544,0.392
20538.380771995584,0.56,0.392
20538.381038364172,0.56,0.392
20538.38130473276,0.544,0.4
20538.38157110135,0.544,0.392
20538.381837469937,0.56,0.4
20538.382103838525,0.544,0.4
20538.38237020711,0.56,0.392
20538.382636575698,0.544,0.392
20538.382902944286,0.56,0.4
20538.383169312874,0.544,0.392
20538.383435681462,0.56,0.4
20538.38370205005,0.544,0.392
20538.38396841864,0.56,0.4
20538.384234787227,0.544,0.392
20538.384501155815,0.552,0.4
20538.3847675244,0.544,0.4
20538.385033892988,0.552,0.392
20538.385300261576,0.544,0.392
20538.385566630164,0.56,0.4
20538.385832998752,0.544,0.392
20538.38609936734,0.56,0.4
20538.38636573593,0.544,0.40800000000000003
20538.386632104517,0.56,0.392
20538.386898473105,0.544,0.392
20538.387164841693,0.552,0.4
20538.387431210278,0.56,0.392
20538.387697578866,0.536,0.392
20538.387963947454,0.544,0.392
20538.388230316043,0.56,0.392
20538.38849668463,0.544,0.392
20538.38876305322,0.56,0.4
20538.389029421807,0.544,0.392
20538.389295790395,0.56,0.4
20538.389562158984,0.544,0.392
20538.389828527568,0.56,0.40800000000000003
20538.390094896156,0.544,0.392
20538.390361264745,0.56,0.424
20538.390627633333,0.544,0.424
20538.39089400192,0.56,0.456
20538.39116037051,0.544,0.464
20538.391426739097,0.56,0.448
20538.391693107686,0.544,0.464
20538.391959476274,0.56,0.44
20538.39222584486,0.544,0.448
20538.392492213447,0.56,0.464
20538.392758582035,0.552,0.456
20538.393024950623,0.544,0.44
20538.39329131921,0.552,0.464
20538.3935576878,0.544,0.448
20538.393824056388,0.544,0.464
20538.394090424976,0.56,0.448
20538.394356793564,0.56,0.448
20538.394623162152,0.544,0.464
20538.394889530737,0.544,0.44
20538.395155899325,0.56,0.464
20538.395422267913,0.544,0.464
20538.3956886365,0.56,0.448
20538.39595500509,0.544,0.464
20538.396221373678,0.56,0.448
20538.396487742266,0.544,0.456
20538.396754110854,0.56,0.4
20538.397020479442,0.544,0.4
20538.397286848027,0.56,0.392
20538.397553216615,0.544,0.4
20538.397819585203,0.56,0.392
20538.39808595379,0.56,0.392
20538.39835232238,0.544,0.392
20538.398618690968,0.552,0.392
20538.398885059556,0.544,0.4
20538.399151428144,0.544,0.392
20538.399417796732,0.56,0.4
20538.399684165317,0.544,0.392
20538.399950533905,0.56,0.392
20538.400216902493,0.544,0.392
20538.40048327108,0.56,0.4
20538.40074963967,0.56,0.392
20538.401016008258,0.544,0.4
20538.401282376846,0.544,0.392
20538.401548745434,0.56,0.4
20538.401815114023,0.544,0.392
20538.40208148261,0.56,0.392
20538.402347851195,0.552,0.392
20538.402614219784,0.544,0.4
20538.40288058837,0.544,0.392
20538.40314695696,0.56,0.392
20538.403413325548,0.544,0.392
20538.403679694136,0.5680000000000001,0.4
20538.403946062725,0.56,0.392
20538.404212431313,0.544,0.4
20538.4044787999,0.56,0.4
20538.404745168486,0.544,0.392
20538.405011537074,0.544,0.392
20538.405277905662,0.56,0.4
20538.40554427425,0.544,0.392
20538.40581064284,0.56,0.392
20538.406077011427,0.544,0.392
20538.406343380015,0.56,0.392
20538.406609748603,0.56,0.392
20538.40687611719,0.544,0.4
20538.40714248578,0.544,0.4
20538.407408854364,0.56,0.392
20538.407675222952,0.544,0.392
20538.40794159154,0.56,0.392
20538.40820796013,0.56,0.4
20538.408474328717,0.544,0.384
20538.408740697305,0.544,0.384
20538.409007065893,0.56,0.34400000000000003
20538.40927343448,0.544,0.336
20538.40953980307,0.56,0.184
20538.409806171654,0.544,0.176
20538.410072540242,0.56,0.056
20538.41033890883,0.544,0.056
20538.41060527742,0.56,0.016
20538.410871646007,0.544,0.016
20538.411138014595,0.56,-0.008
20538.411404383183,0.56,0.0
20538.41167075177,0.544,-0.008
20538.41193712036,0.544,0.0
20538.412203488944,0.552,-0.008
20538.412469857532,0.544,0.0
20538.41273622612,0.552,-0.008
20538.41300259471,0.544,0.0
20538.413268963297,0.552,-0.008
20538.413535331885,0.544,0.0
20538.413801700473,0.56,-0.008
20538.41406806906,0.544,-0.008
20538.41433443765,0.56,0.0
20538.414600806238,0.544,-0.008
20538.414867174823,0.56,0.0
20538.41513354341,0.544,-0.008
20538.415399912,0.56,0.0
20538.415666280587,0.56,-0.008
20538.415932649175,0.544,0.0
20538.416199017764,0.544,0.0
20538.41646538635,0.552,-0.008
20538.41673175494,0.544,0.0
20538.416998123528,0.56,-0.008
20538.417264492113,0.544,0.0
20538.4175308607,0.552,-0.008
20538.41779722929,0.544,0.0
20538.418063597877,0.56,-0.008
20538.418329966466,0.544,-0.008
20538.418596335054,0.56,0.0
20538.418862703642,0.544,0.0
20538.41912907223,0.56,-0.008
20538.41939544082,0.536,0.0
20538.419661809403,0.56,-0.008
20538.41992817799,0.544,0.0
20538.42019454658,0.56,-0.008
20538.420460915167,0.544,0.0
20538.420727283756,0.56,-0.008
20538.420993652344,0.544,0.0
20538.421260020932,0.56,-0.016
20538.42152638952,0.544,0.0
20538.42179275811,0.56,-0.008
20538.422059126697,0.544,-0.008
20538.42232549528,0.56,0.0
20538.42259186387,0.544,0.0
20538.422858232458,0.56,-0.008
20538.423124601046,0.544,0.0
20538.423390969634,0.56,-0.016
20538.423657338222,0.544,0.0
20538.42392370681,0.56,-0.016
20538.4241900754,0.56,0.0
20538.424456443987,0.544,-0.016
20538.42472281257,0.56,0.0
20538.42498918116,0.536,-0.016
20538.425255549748,0.544,0.0
20538.425521918336,0.56,-0.008
20538.425788286924,0.544,0.0
20538.426054655512,0.56,-0.016
20538.4263210241,0.544,0.0
20538.42658739269,0.56,-0.016
20538.426853761277,0.544,-0.008
20538.427120129865,0.56,0.0
20538.42738649845,0.544,0.0
20538.427652867038,0.56,-0.008
20538.427919235626,0.544,-0.008
20538.428185604214,0.56,0.0
20538.428451972803,0.552,0.0
20538.42871834139,0.544,-0.008
20538.42898470998,0.544,-0.008
20538.429251078567,0.552,0.0
20538.429517447155,0.56,-0.008
20538.42978381574,0.544,0.0
20538.430050184328,0.544,0.0
20538.430316552916,0.56,-0.008
20538.430582921505,0.544,0.0
20538.430849290093,0.56,-0.008
20538.43111565868,0.56,0.0
20538.43138202727,0.544,-0.008
20538.431648395857,0.544,0.0
20538.431914764446,0.56,-0.016
20538.43218113303,0.544,-0.008
20538.43244750162,0.56,0.0
20538.432713870206,0.56,0.0
20538.432980238795,0.544,-0.008
20538.433246607383,0.544,-0.008
20538.43351297597,0.56,0.0
20538.43377934456,0.544,0.0
20538.434045713147,0.56,-0.008
20538.434312081736,0.544,-0.008
20538.434578450324,0.56,0.0
20538.43484481891,0.544,0.0
20538.435111187497,0.56,-0.016
20538.435377556085,0.544,0.0
20538.435643924673,0.56,-0.008
20538.43591029326,0.544,0.0
20538.43617666185,0.56,-0.008
20538.436443030438,0.544,0.0
20538.436709399026,0.56,-0.016
20538.436975767614,0.544,0.0
20538.4372421362,0.56,-0.008
20538.437508504787,0.544,-0.008
20538.437774873375,0.56,0.0
20538.438041241963,0.56,0.0
20538.43830761055,0.544,-0.016
20538.43857397914,0.544,0.0
20538.438840347728,0.56,-0.008
20538.439106716316,0.552,-0.008
20538.439373084904,0.544,0.0
20538.43963945349,0.544,0.0
20538.439905822077,0.552,-0.016
20538.440172190665,0.544,-0.008
20538.440438559253,0.56,0.0
20538.44070492784,0.544,-0.016
20538.44097129643,0.56,0.0
20538.441237665018,0.544,0.0
20538.441504033606,0.552,-0.016
20538.441770402194,0.544,-0.008
20538.442036770783,0.552,0.0
20538.442303139367,0.544,-0.016
20538.442569507955,0.56,0.0
20538.442835876544,0.544,0.0
20538.44310224513,0.56,-0.016
20538.44336861372,0.544,-0.008
20538.443634982308,0.56,0.0
20538.443901350896,0.544,-0.016
20538.444167719485,0.56,0.0
20538.444434088073,0.544,0.0
20538.444700456657,0.56,-0.016
20538.444966825246,0.544,0.0
20538.445233193834,0.56,-0.016
20538.445499562422,0.544,0.0
20538.44576593101,0.56,-0.008
20538.4460322996,0.56,0.0
20538.446298668187,0.536,-0.016
20538.446565036775,0.544,0.0
20538.446831405363,0.56,-0.008
20538.44709777395,0.56,0.0
20538.447364142536,0.544,-0.008
20538.447630511124,0.544,0.0
20538.447896879712,0.552,-0.016
20538.4481632483,0.544,0.0
20538.44842961689,0.56,-0.016
20538.448695985477,0.544,-0.008
20538.448962354065,0.56,0.0
20538.449228722653,0.544,0.0
20538.44949509124,0.56,-0.016
20538.449761459826,0.544,-0.008
20538.450027828414,0.56,0.0
20538.450294197002,0.544,0.0
20538.45056056559,0.56,-0.008
20538.45082693418,0.56,0.0
20538.451093302767,0.544,-0.008
20538.451359671355,0.56,0.0
20538.451626039943,0.544,-0.008
20538.45189240853,0.544,0.0
20538.452158777116,0.56,-0.008
20538.452425145704,0.544,0.0
20538.452691514292,0.56,-0.016
20538.45295788288,0.544,0.0
20538.45322425147,0.552,-0.016
20538.453490620057,0.544,0.0
20538.453756988645,0.56,-0.016
20538.454023357233,0.544,0.0
20538.45428972582,0.552,-0.016
20538.45455609441,0.544,-0.016
20538.454822462994,0.56,0.0
20538.455088831583,0.544,0.0
20538.45535520017,0.56,-0.016
20538.45562156876,0.552,0.0
20538.455887937347,0.544,-0.016
20538.456154305935,0.544,-0.008
20538.456420674524,0.56,0.0
20538.45668704311,0.56,0.0
20538.4569534117,0.536,-0.008
20538.457219780285,0.544,0.0
20538.457486148873,0.56,-0.008
20538.45775251746,0.544,0.0
20538.45801888605,0.56,-0.016
20538.458285254637,0.544,-0.016
20538.458551623226,0.56,0.0
20538.458817991814,0.544,-0.016
20538.459084360402,0.56,0.0
20538.45935072899,0.544,-0.008
20538.459617097575,0.56,0.0
20538.459883466163,0.544,-0.008
20538.46014983475,0.56,0.0
20538.46041620334,0.544,0.0
20538.460682571927,0.56,-0.008
20538.460948940516,0.56,-0.008
20538.461215309104,0.544,0.0
20538.461481677692,0.544,-0.008
20538.46174804628,0.56,0.0
20538.46201441487,0.544,0.0
20538.462280783453,0.56,-0.016
20538.46254715204,0.544,0.0
20538.46281352063,0.56,-0.016
20538.463079889218,0.544,0.0
20538.463346257806,0.56,-0.016
20538.463612626394,0.544,0.0
20538.463878994982,0.56,-0.016
20538.46414536357,0.544,0.0
20538.46441173216,0.56,-0.008
20538.464678100743,0.56,0.0
20538.46494446933,0.544,-0.016
20538.46521083792,0.56,-0.008
20538.465477206508,0.544,0.0
20538.465743575096,0.544,0.0
20538.466009943684,0.56,-0.016
20538.466276312272,0.544,0.0
20538.46654268086,0.552,-0.016
20538.46680904945,0.544,0.0
20538.467075418037,0.552,-0.016
20538.46734178662,0.552,0.0
20538.46760815521,0.536,-0.016
20538.467874523798,0.544,-0.016
20538.468140892386,0.56,0.0
20538.468407260974,0.544,-0.008
20538.468673629563,0.552,0.0
20538.46893999815,0.544,0.0
20538.46920636674,0.56,-0.016
20538.469472735327,0.544,0.0
20538.46973910391,0.56,-0.016
20538.4700054725,0.544,0.0
20538.470271841088,0.56,-0.016
20538.470538209676,0.56,-0.016
20538.470804578265,0.544,0.0
20538.471070946853,0.544,0.0
20538.47133731544,0.56,-0.016
20538.47160368403,0.56,0.0
20538.471870052617,0.544,-0.008
20538.472136421202,0.544,0.0
20538.47240278979,0.56,-0.016
20538.47266915838,0.552,0.0
20538.472935526966,0.536,-0.016
20538.473201895555,0.544,0.0
20538.473468264143,0.56,-0.008
20538.47373463273,0.544,0.0
20538.47400100132,0.552,-0.016
20538.474267369907,0.544,0.0
20538.474533738496,0.56,-0.016
20538.47480010708,0.544,-0.008
20538.47506647567,0.56,0.0
20538.475332844257,0.544,-0.008
20538.475599212845,0.56,0.024
20538.475865581433,0.544,0.024
20538.47613195002,0.56,0.12
20538.47639831861,0.544,0.136
20538.476664687198,0.56,0.28
20538.476931055786,0.544,0.28
20538.47719742437,0.56,0.36
20538.47746379296,0.544,0.36
20538.477730161547,0.56,0.384
20538.477996530135,0.544,0.384
20538.478262898723,0.56,0.4
20538.47852926731,0.56,0.392
20538.4787956359,0.544,0.40800000000000003
20538.479062004488,0.544,0.41600000000000004
20538.479328373076,0.552,0.392
20538.47959474166,0.544,0.4
20538.47986111025,0.56,0.392
20538.480127478837,0.544,0.392
20538.480393847425,0.56,0.4
20538.480660216013,0.544,0.40800000000000003
20538.4809265846,0.56,0.392
20538.48119295319,0.56,0.392
20538.481459321778,0.544,0.392
20538.481725690366,0.544,0.392
20538.481992058954,0.56,0.392
20538.48225842754,0.544,0.392
20538.482524796127,0.552,0.392
20538.482791164715,0.544,0.392
20538.483057533304,0.56,0.4
20538.48332390189,0.536,0.392
20538.48359027048,0.56,0.392
20538.483856639068,0.56,0.392
20538.484123007656,0.544,0.4
20538.484389376245,0.544,0.392
20538.48465574483,0.56,0.4
20538.484922113417,0.544,0.392
20538.485188482005,0.552,0.4
20538.485454850594,0.544,0.392
20538.485721219182,0.56,0.4
20538.48598758777,0.544,0.392
20538.48625395636,0.56,0.40800000000000003
20538.486520324946,0.544,0.392
20538.486786693535,0.56,0.4
20538.487053062123,0.544,0.392
20538.487319430707,0.56,0.4
20538.487585799296,0.544,0.392
20538.487852167884,0.56,0.4
20538.488118536472,0.56,0.392
20538.48838490506,0.544,0.4
20538.48865127365,0.544,0.392
20538.488917642237,0.56,0.4
20538.489184010825,0.544,0.392
20538.489450379413,0.56,0.392
20538.489716747998,0.544,0.392
20538.489983116586,0.56,0.392
20538.490249485174,0.56,0.392
20538.490515853762,0.544,0.4
20538.49078222235,0.544,0.392
20538.49104859094,0.56,0.4
20538.491314959527,0.544,0.392
20538.491581328115,0.56,0.392
20538.491847696703,0.544,0.392
20538.492114065288,0.56,0.4
20538.492380433876,0.544,0.40800000000000003
20538.492646802464,0.56,0.392
20538.492913171052,0.56,0.392
20538.49317953964,0.544,0.4
20538.49344590823,0.544,0.392
20538.493712276817,0.56,0.4
20538.493978645405,0.56,0.4
20538.494245013993,0.544,0.392
20538.49451138258,0.56,0.392
20538.494777751166,0.544,0.4
20538.495044119754,0.544,0.392
20538.495310488343,0.56,0.392
20538.49557685693,0.544,0.392
20538.49584322552,0.552,0.4
20538.496109594107,0.544,0.392
20538.496375962695,0.552,0.4
20538.496642331284,0.544,0.392
20538.49690869987,0.56,0.4
20538.497175068456,0.544,0.392
20538.497441437044,0.56,0.4
20538.497707805633,0.544,0.4
20538.49797417422,0.56,0.392
20538.49824054281,0.544,0.392
20538.498506911397,0.552,0.4
20538.498773279985,0.544,0.392
20538.499039648574,0.56,0.392
20538.499306017162,0.544,0.392
20538.499572385746,0.56,0.4
20538.499838754335,0.544,0.392
20538.500105122923,0.56,0.4
20538.50037149151,0.544,0.392
20538.5006378601,0.56,0.4
20538.500904228687,0.544,0.392
20538.501170597276,0.56,0.40800000000000003
20538.501436965864,0.544,0.392
20538.501703334452,0.56,0.392
20538.50196970304,0.544,0.392
20538.502236071625,0.56,0.4
20538.502502440213,0.56,0.392
20538.5027688088,0.544,0.4
20538.50303517739,0.544,0.4
20538.503301545978,0.56,0.392
20538.503567914566,0.544,0.392
20538.503834283154,0.56,0.4
20538.504100651742,0.544,0.392
20538.50436702033,0.552,0.4
20538.504633388915,0.544,0.392
20538.504899757503,0.56,0.40800000000000003
20538.50516612609,0.544,0.392
20538.50543249468,0.56,0.4
20538.505698863268,0.544,0.4
20538.505965231856,0.56,0.392
20538.506231600444,0.544,0.392
20538.506497969032,0.56,0.4
20538.50676433762,0.544,0.392
20538.50703070621,0.56,0.4
20538.507297074793,0.544,0.392
20538.50756344338,0.56,0.4
20538.50782981197,0.544,0.392
20538.508096180558,0.56,0.4
20538.508362549146,0.56,0.392
20538.508628917734,0.544,0.4
20538.508895286323,0.544,0.4
20538.50916165491,0.56,0.392
20538.5094280235,0.544,0.392
20538.509694392083,0.552,0.392
20538.50996076067,0.56,0.392
20538.51022712926,0.536,0.4
20538.510493497848,0.544,0.392
20538.510759866436,0.56,0.392
20538.511026235024,0.544,0.392
20538.511292603613,0.56,0.392
20538.5115589722,0.544,0.392
20538.51182534079,0.56,0.4
20538.512091709374,0.544,0.392
20538.512358077962,0.552,0.4
20538.51262444655,0.544,0.392
20538.51289081514,0.56,0.392
20538.513157183726,0.544,0.392
20538.513423552315,0.552,0.4
20538.513689920903,0.544,0.392
20538.51395628949,0.56,0.392
20538.51422265808,0.56,0.392
20538.514489026667,0.544,0.4
20538.514755395252,0.56,0.392
20538.51502176384,0.544,0.4
20538.51528813243,0.56,0.4
20538.515554501017,0.536,0.392
20538.515820869605,0.56,0.4
20538.516087238193,0.536,0.392
20538.51635360678,0.544,0.4
20538.51661997537,0.56,0.392
20538.516886343958,0.544,0.392
20538.517152712542,0.552,0.392
20538.51741908113,0.544,0.392
20538.51768544972,0.56,0.4
20538.517951818307,0.56,0.392
20538.518218186895,0.544,0.4
20538.518484555483,0.56,0.392
20538.51875092407,0.536,0.4
20538.51901729266,0.552,0.392
20538.519283661248,0.52,0.4
20538.519550029832,0.52,0.392
20538.51981639842,0.544,0.4
20538.52008276701,0.544,0.392
20538.520349135597,0.528,0.4
20538.520615504185,0.528,0.392
20538.520881872773,0.56,0.4
20538.52114824136,0.56,0.392
20538.52141460995,0.544,0.4
20538.521680978538,0.56,0.392
20538.521947347126,0.544,0.4
20538.52221371571,0.544,0.392
20538.5224800843,0.56,0.4
20538.522746452887,0.544,0.392
20538.523012821475,0.56,0.4
20538.52824497223,0.512,-0.016
20538.528490805824,0.496,0.0
20538.52873663942,0.504,-0.016
20538.528982473017,0.512,0.0
20538.529228306612,0.52,0.0
20538.529474140207,0.496,-0.016
20538.5297199738,0.496,-0.016
20538.529965807396,0.512,0.0
20538.530211640995,0.496,-0.008
20538.53045747459,0.52,-0.016
20538.530703308184,0.496,-0.016
20538.53094914178,0.512,0.0
20538.531194975378,0.504,-0.016
20538.531440808973,0.536,-0.008
20538.531686642567,0.528,-0.016
20538.531932476162,0.496,-0.008
20538.532178309757,0.504,-0.016
20538.532424143355,0.536,0.0
20538.53266997695,0.536,0.0
20538.532915810545,0.512,-0.016
20538.53316164414,0.528,-0.008
20538.533407477735,0.496,0.024
20538.533653311333,0.512,0.032
20538.533899144928,0.496,0.136
20538.534144978523,0.504,0.14400000000000002
20538.534390812118,0.496,0.28
20538.534636645716,0.512,0.28
20538.53488247931,0.496,0.352
20538.535128312906,0.496,0.352
20538.5353741465,0.52,0.376
20538.535619980095,0.52,0.384
20538.535865813694,0.496,0.376
20538.53611164729,0.504,0.376
20538.536357480883,0.52,0.392
20538.53660331448,0.496,0.392
20538.536849148073,0.52,0.376
20538.53709498167,0.496,0.384
20538.537340815266,0.528,0.384
20538.53758664886,0.496,0.384
20538.537832482456,0.528,0.376
20538.538078316054,0.528,0.384
20538.53832414965,0.544,0.376
20538.538569983244,0.536,0.384
20538.53881581684,0.552,0.392
20538.539061650434,0.552,0.384
20538.539307484032,0.536,0.384
20538.539553317627,0.552,0.384
20538.53979915122,0.536,0.384
20538.540044984817,0.536,0.384
20538.54029081841,0.56,0.392
20538.54053665201,0.552,0.392
20538.540782485605,0.536,0.384
20538.5410283192,0.552,0.384
20538.541274152794,0.536,0.384
20538.541519986393,0.552,0.384
20538.541765819988,0.536,0.392
20538.542011653582,0.552,0.384
20538.542257487177,0.536,0.392
20538.542503320772,0.552,0.384
20538.54274915437,0.536,0.376
20538.542994987965,0.552,0.384
20538.54324082156,0.536,0.392
20538.543486655155,0.544,0.384
20538.54373248875,0.552,0.392
20538.54397832235,0.56,0.384
20538.544224155943,0.536,0.392
20538.544469989538,0.544,0.384
20538.544715823133,0.56,0.392
20538.54496165673,0.56,0.384
20538.545207490326,0.536,0.384
20538.54545332392,0.544,0.384
20538.545699157516,0.56,0.384
20538.54594499111,0.544,0.384
20538.54619082471,0.56,0.392
20538.546436658304,0.552,0.384
20538.5466824919,0.544,0.392
20538.546928325493,0.56,0.384
20538.547174159088,0.544,0.384
20538.547419992687,0.544,0.384
20538.54766582628,0.56,0.392
20538.547911659876,0.544,0.384
20538.54815749347,0.56,0.392
20538.548403327066,0.544,0.384
20538.548649160664,0.56,0.392
20538.54889499426,0.544,0.384
20538.549140827854,0.56,0.392
20538.54938666145,0.544,0.384
20538.549632495047,0.56,0.392
20538.549878328642,0.544,0.384
20538.550124162237,0.552,0.384
20538.55036999583,0.544,0.384
20538.550615829427,0.552,0.392
20538.550861663025,0.544,0.392
20538.55110749662,0.56,0.384
20538.551353330215,0.544,0.384
20538.55159916381,0.56,0.392
20538.551844997404,0.544,0.392
20538.552090831003,0.56,0.384
20538.552336664598,0.544,0.392
20538.552582498192,0.56,0.376
20538.552828331787,0.544,0.384
20538.553074165386,0.56,0.392
20538.55331999898,0.544,0.384
20538.553565832575,0.56,0.384
20538.55381166617,0.544,0.384
20538.554057499765,0.552,0.384
20538.554303333363,0.544,0.384
20538.554549166958,0.56,0.392
20538.554795000553,0.552,0.384
20538.555040834148,0.536,0.392
20538.555286667743,0.544,0.392
20538.55553250134,0.56,0.384
20538.555778334936,0.544,0.384
20538.55602416853,0.56,0.4
20538.556270002126,0.544,0.4
20538.556515835724,0.56,0.44
20538.55676166932,0.544,0.41600000000000004
20538.557007502914,0.56,0.4
20538.55725333651,0.544,0.40800000000000003
20538.557499170103,0.56,0.44
20538.5577450037,0.544,0.424
20538.557990837297,0.56,0.448
20538.55823667089,0.544,0.448
20538.558482504486,0.56,0.41600000000000004
20538.55872833808,0.56,0.424
20538.55897417168,0.544,0.4
20538.559220005274,0.544,0.424
20538.55946583887,0.56,0.4
20538.559711672464,0.544,0.40800000000000003
20538.559957506062,0.56,0.384
20538.560203339657,0.544,0.392
20538.560449173252,0.56,0.432
20538.560695006847,0.544,0.44
20538.56094084044,0.56,0.424
20538.56118667404,0.544,0.41600000000000004
20538.561432507635,0.56,0.384
20538.56167834123,0.544,0.384
20538.561924174825,0.56,0.4
20538.56217000842,0.56,0.384
20538.562415842018,0.544,0.376
20538.562661675613,0.544,0.384
20538.562907509207,0.56,0.376
20538.563153342802,0.544,0.384
20538.5633991764,0.56,0.384
20538.563645009996,0.544,0.376
20538.56389084359,0.56,0.392
20538.564136677185,0.544,0.384
20538.56438251078,0.56,0.392
20538.56462834438,0.544,0.384
20538.564874177973,0.56,0.384
20538.565120011568,0.544,0.384
20538.565365845163,0.56,0.392
20538.565611678758,0.544,0.384
20538.565857512356,0.56,0.392
20538.56610334595,0.544,0.384
20538.566349179546,0.56,0.392
20538.56659501314,0.544,0.384
20538.566840846735,0.56,0.384
20538.567086680334,0.544,0.392
20538.56733251393,0.56,0.376
20538.567578347524,0.56,0.384
20538.56782418112,0.544,0.392
20538.568070014717,0.544,0.392
20538.56831584831,0.56,0.376
20538.568561681906,0.544,0.376
20538.5688075155,0.56,0.392
20538.569053349096,0.544,0.392
20538.569299182695,0.56,0.376
20538.56954501629,0.544,0.384
20538.569790849884,0.56,0.392
20538.57003668348,0.56,0.384
20538.570282517074,0.544,0.384
20538.570528350672,0.544,0.384
20538.570774184267,0.56,0.384
20538.571020017862,0.544,0.384
20538.571265851457,0.56,0.392
20538.571511685055,0.56,0.392
20538.57175751865,0.544,0.384
20538.572003352245,0.544,0.384
20538.57224918584,0.56,0.376
20538.572495019434,0.544,0.376
20538.572740853033,0.56,0.392
20538.572986686628,0.544,0.384
20538.573232520223,0.56,0.384
20538.573478353817,0.544,0.384
20538.573724187412,0.56,0.392
20538.57397002101,0.544,0.384
20538.574215854605,0.56,0.392
20538.5744616882,0.56,0.384
20538.574707521795,0.536,0.392
20538.574953355394,0.544,0.392
20538.57519918899,0.552,0.384
20538.575445022583,0.544,0.384
20538.575690856178,0.56,0.384
20538.575936689773,0.544,0.384
20538.57618252337,0.552,0.392
20538.576428356966,0.56,0.384
20538.57667419056,0.544,0.392
20538.576920024156,0.544,0.384
20538.57716585775,0.552,0.392
20538.57741169135,0.544,0.384
20538.577657524944,0.56,0.392
20538.57790335854,0.544,0.384
20538.578149192133,0.56,0.392
20538.578395025732,0.544,0.384
20538.578640859327,0.56,0.384
20538.57888669292,0.544,0.384
20538.579132526516,0.552,0.384
20538.57937836011,0.56,0.384
20538.57962419371,0.536,0.392
20538.579870027304,0.56,0.384
20538.5801158609,0.544,0.392
20538.580361694494,0.544,0.392
20538.58060752809,0.56,0.376
20538.580853361687,0.544,0.392
20538.581099195282,0.56,0.384
20538.581345028877,0.544,0.384
20538.58159086247,0.56,0.384
20538.58183669607,0.544,0.392
20538.582082529665,0.56,0.376
20538.58232836326,0.544,0.376
20538.582574196855,0.56,0.392
20538.58282003045,0.544,0.384
20538.583065864048,0.56,0.392
20538.583311697643,0.544,0.384
20538.583557531238,0.56,0.392
20538.583803364832,0.544,0.384
20538.584049198427,0.56,0.392
20538.584295032026,0.544,0.392
20538.58454086562,0.552,0.384
20538.584786699215,0.544,0.384
20538.58503253281,0.56,0.392
20538.585278366405,0.544,0.384
20538.585524200003,0.56,0.392
20538.5857700336,0.56,0.384
20538.586015867193,0.544,0.392
20538.586261700788,0.544,0.392
20538.586507534386,0.56,0.376
20538.58675336798,0.544,0.392
20538.586999201576,0.56,0.376
20538.58724503517,0.544,0.384
20538.587490868766,0.56,0.384
20538.587736702364,0.544,0.384
20538.58798253596,0.56,0.384
20538.588228369554,0.544,0.384
20538.58847420315,0.56,0.384
20538.588720036743,0.544,0.384
20538.58896587034,0.56,0.392
20538.589211703937,0.56,0.384
20538.58945753753,0.544,0.392
20538.589703371126,0.544,0.384
20538.589949204725,0.56,0.384
20538.59019503832,0.56,0.384
20538.590440871914,0.544,0.392
20538.59068670551,0.544,0.384
20538.590932539104,0.56,0.392
20538.591178372702,0.544,0.384
20538.591424206297,0.56,0.392
20538.591670039892,0.544,0.384
20538.591915873487,0.56,0.376
20538.59216170708,0.544,0.376
20538.59240754068,0.56,0.392
20538.592653374275,0.544,0.384
20538.59289920787,0.56,0.384
20538.593145041465,0.544,0.376
20538.593390875063,0.552,0.392
20538.593636708658,0.544,0.392
20538.593882542253,0.56,0.384
20538.594128375848,0.544,0.384
20538.594374209442,0.5680000000000001,0.368
20538.59462004304,0.56,0.36
20538.594865876636,0.544,0.296
20538.59511171023,0.56,0.28800000000000003
20538.595357543825,0.544,0.14400000000000002
20538.59560337742,0.544,0.136
20538.59584921102,0.56,0.048
20538.596095044613,0.544,0.048
20538.596340878208,0.56,0.0
20538.596586711803,0.544,0.008
20538.5968325454,0.56,-0.008
20538.597078378996,0.544,0.0
20538.59732421259,0.56,-0.008
20538.597570046186,0.544,0.0
20538.59781587978,0.56,-0.016
20538.59806171338,0.544,0.0
20538.598307546974,0.56,-0.016
20538.59855338057,0.56,0.0
20538.598799214164,0.544,-0.016
20538.59904504776,0.544,0.0
20538.599290881357,0.5680000000000001,-0.016
20538.59953671495,0.544,-0.016
20538.599782548547,0.56,0.0
20538.60002838214,0.544,0.0
20538.60027421574,0.56,-0.016
20538.600520049335,0.544,-0.016
20538.60076588293,0.56,0.0
20538.601011716524,0.544,0.0
20538.60125755012,0.56,-0.016
20538.601503383717,0.544,0.0
20538.601749217312,0.56,-0.016
20538.601995050907,0.544,0.0
20538.602240884502,0.552,-0.016
20538.602486718097,0.544,0.0
20538.602732551695,0.552,-0.016
20538.60297838529,0.544,-0.016
20538.603224218885,0.56,0.0
20538.60347005248,0.544,0.0
20538.603715886074,0.56,-0.016
20538.603961719673,0.544,-0.016
20538.604207553268,0.5680000000000001,0.0
20538.604453386863,0.544,-0.016
20538.604699220457,0.56,0.0
20538.604945054056,0.544,-0.016
20538.60519088765,0.56,0.0
20538.605436721245,0.544,0.0
20538.60568255484,0.56,-0.016
20538.605928388435,0.544,-0.016
20538.606174222034,0.56,0.0
20538.60642005563,0.544,-0.016
20538.606665889223,0.56,0.0
20538.606911722818,0.552,0.0
20538.607157556413,0.544,-0.016
20538.60740339001,0.544,0.0
20538.607649223606,0.56,-0.016
20538.6078950572,0.56,0.0
20538.608140890796,0.544,-0.016
20538.608386724394,0.552,-0.016
20538.60863255799,0.536,0.0
20538.608878391584,0.544,-0.016
20538.60912422518,0.52,0.0
20538.609370058773,0.52,0.0
20538.609615892372,0.544,-0.016
20538.609861725967,0.536,-0.016
20538.61010755956,0.56,0.0
20538.610353393156,0.544,0.0
20538.61059922675,0.56,-0.016
20538.61084506035,0.544,0.0
20538.611090893944,0.56,-0.016
20538.61133672754,0.56,-0.016
20538.611582561134,0.544,0.0
20538.611828394733,0.544,0.0
20538.612074228327,0.56,-0.016
20538.612320061922,0.544,0.0
20538.612565895517,0.56,-0.016
20538.612811729112,0.544,-0.016
20538.61305756271,0.56,-0.008
20538.613303396305,0.544,-0.016
20538.6135492299,0.56,0.0
20538.613795063495,0.544,-0.016
20538.61404089709,0.56,0.0
20538.614286730688,0.56,-0.008
20538.614532564283,0.544,-0.016
20538.614778397878,0.544,-0.016
20538.615024231472,0.56,-0.008
20538.61527006507,0.544,-0.016
20538.615515898666,0.56,0.0
20538.61576173226,0.544,-0.016
20538.616007565855,0.56,0.0
20538.61625339945,0.544,-0.016
20538.61649923305,0.56,0.0
20538.616745066643,0.544,-0.016
20538.61699090024,0.56,0.0
20538.617236733833,0.544,-0.016
20538.617482567428,0.56,0.0
20538.617728401026,0.552,-0.016
20538.61797423462,0.544,0.0
20538.618220068216,0.544,-0.016
20538.61846590181,0.56,0.0
20538.61871173541,0.56,-0.008
20538.618957569004,0.536,-0.016
20538.6192034026,0.544,-0.008
20538.619449236194,0.56,-0.016
20538.61969506979,0.56,-0.016
20538.619940903387,0.544,0.0
20538.620186736982,0.544,-0.016
20538.620432570577,0.56,-0.008
20538.62067840417,0.544,-0.016
20538.620924237766,0.56,0.0
20538.621170071365,0.544,-0.016
20538.62141590496,0.56,0.0
20538.621661738554,0.544,-0.016
20538.62190757215,0.56,0.0
20538.622153405744,0.544,-0.016
20538.622399239342,0.56,0.0
20538.622645072937,0.544,-0.016
20538.622890906532,0.56,0.0
20538.623136740127,0.544,-0.016
20538.623382573725,0.56,0.0
20538.62362840732,0.544,-0.016
20538.623874240915,0.56,0.0
20538.62412007451,0.544,-0.016
20538.624365908105,0.56,0.0
20538.624611741703,0.544,-0.008
20538.624857575298,0.56,-0.016
20538.625103408893,0.544,-0.016
20538.625349242488,0.56,0.0
20538.625595076082,0.544,-0.008
20538.62584090968,0.56,-0.016
20538.626086743276,0.544,-0.016
20538.62633257687,0.56,0.0
20538.626578410465,0.544,-0.016
20538.626824244064,0.56,-0.008
20538.62707007766,0.544,0.0
20538.627315911253,0.552,-0.016
20538.62756174485,0.552,-0.016
20538.627807578443,0.544,0.0
20538.62805341204,0.544,-0.008
20538.628299245636,0.56,-0.016
20538.62854507923,0.56,-0.016
20538.628790912826,0.544,0.0
20538.62903674642,0.552,-0.016
20538.62928258002,0.544,0.0
20538.629528413614,0.544,0.0
20538.62977424721,0.56,-0.016
20538.630020080804,0.544,-0.016
20538.630265914402,0.56,0.0
20538.630511747997,0.544,-0.008
20538.63075758159,0.56,-0.016
20538.631003415187,0.544,-0.016
20538.63124924878,0.56,0.0
20538.63149508238,0.544,-0.016
20538.631740915975,0.56,-0.008
20538.63198674957,0.544,-0.016
20538.632232583164,0.56,0.0
20538.63247841676,0.544,-0.008
20538.632724250358,0.56,-0.016
20538.632970083952,0.544,0.0
20538.633215917547,0.56,-0.016
20538.633461751142,0.544,-0.016
20538.63370758474,0.5680000000000001,0.0
20538.633953418335,0.544,-0.008
20538.63419925193,0.56,-0.016
20538.634445085525,0.544,-0.016
20538.63469091912,0.56,-0.008
20538.63493675272,0.544,-0.008
20538.635182586313,0.56,-0.016
20538.635428419908,0.544,-0.008
20538.635674253503,0.56,-0.016
20538.635920087097,0.544,-0.016
20538.636165920696,0.56,0.0
20538.63641175429,0.544,-0.016
20538.636657587886,0.56,0.0
20538.63690342148,0.544,-0.008
20538.63714925508,0.56,-0.016
20538.637395088674,0.56,-0.008
20538.63764092227,0.544,-0.016
20538.637886755863,0.544,-0.016
20538.638132589458,0.56,0.0
20538.638378423057,0.56,-0.016
20538.63862425665,0.544,-0.008
20538.638870090246,0.56,-0.016
20538.63911592384,0.544,0.0
20538.639361757436,0.544,-0.016
20538.639607591034,0.56,0.0
20538.63985342463,0.544,-0.016
20538.640099258224,0.552,-0.008
20538.64034509182,0.544,-0.016
20538.640590925414,0.56,0.0
20538.640836759012,0.544,-0.016
20538.641082592607,0.56,-0.008
20538.6413284262,0.544,-0.016
20538.641574259796,0.56,0.0
20538.641820093395,0.544,-0.016
20538.64206592699,0.56,-0.008
20538.642311760585,0.544,-0.016
20538.64255759418,0.552,0.0
20538.642803427774,0.544,-0.016
20538.643049261373,0.56,0.0
20538.643295094967,0.544,-0.008
20538.643540928562,0.552,-0.016
20538.643786762157,0.544,-0.016
20538.644032595752,0.56,-0.008
20538.64427842935,0.544,-0.016
20538.644524262945,0.56,-0.008
20538.64477009654,0.544,-0.008
20538.645015930135,0.56,-0.016
20538.645261763733,0.544,-0.016
20538.645507597328,0.56,0.0
20538.645753430923,0.544,-0.008
20538.645999264518,0.56,-0.016
20538.646245098113,0.544,-0.016
20538.64649093171,0.56,-0.008
20538.646736765306,0.544,-0.016
20538.6469825989,0.56,-0.008
20538.647228432495,0.56,-0.008
20538.64747426609,0.544,-0.016
20538.64772009969,0.56,-0.016
20538.647965933284,0.544,-0.008
20538.64821176688,0.544,0.0
20538.648457600473,0.56,-0.016
20538.64870343407,0.544,-0.016
20538.648949267666,0.56,-0.008
20538.64919510126,0.544,-0.016
20538.649440934856,0.56,0.0
20538.64968676845,0.544,-0.016
20538.64993260205,0.56,-0.008
20538.650178435644,0.544,-0.008
20538.65042426924,0.56,-0.016
20538.650670102834,0.544,-0.016
20538.65091593643,0.56,-0.008
20538.651161770027,0.544,-0.008
20538.651407603622,0.56,-0.016
20538.651653437217,0.544,-0.016
20538.65189927081,0.56,0.0
20538.65214510441,0.544,-0.008
20538.652390938005,0.552,-0.016
20538.6526367716,0.544,-0.016
20538.652882605194,0.552,-0.008
20538.65312843879,0.544,-0.016
20538.653374272388,0.56,0.0
20538.653620105983,0.544,-0.016
20538.653865939577,0.56,-0.008
20538.654111773172,0.56,-0.016
20538.654357606767,0.536,-0.008
20538.654603440365,0.552,0.0
20538.65484927396,0.512,-0.016
20538.655095107555,0.528,-0.016
20538.65534094115,0.504,-0.008
20538.65558677475,0.496,-0.016
20538.655832608343,0.536,0.0
20538.656078441938,0.536,-0.008
20538.656324275533,0.52,0.016
20538.656570109128,0.536,0.032
20538.656815942726,0.504,0.136
20538.65706177632,0.512,0.14400000000000002
20538.657307609916,0.496,0.28
20538.65755344351,0.496,0.28800000000000003
20538.657799277105,0.52,0.352
20538.658045110704,0.52,0.352
20538.6582909443,0.496,0.376
20538.658536777893,0.512,0.376
20538.65878261149,0.496,0.384
20538.659028445083,0.496,0.376
20538.65927427868,0.52,0.392
20538.659520112276,0.528,0.384
20538.65976594587,0.496,0.392
20538.660011779466,0.504,0.376
20538.660257613064,0.496,0.392
20538.66050344666,0.496,0.384
20538.660749280254,0.512,0.376
20538.66099511385,0.504,0.384
20538.661240947444,0.512,0.392
20538.661486781042,0.496,0.392
20538.661732614637,0.512,0.376
20538.661978448232,0.504,0.384
20538.662224281827,0.496,0.392
20538.66247011542,0.496,0.384
20538.66271594902,0.528,0.392
20538.662961782615,0.52,0.384
20538.66320761621,0.536,0.392
20538.663453449804,0.512,0.384
20538.663699283403,0.544,0.392
20538.663945116998,0.544,0.384
20538.664190950592,0.52,0.392
20538.664436784187,0.536,0.384
20538.664682617782,0.496,0.392
20538.66492845138,0.512,0.384
20538.665174284975,0.496,0.384
20538.66542011857,0.496,0.384
20538.665665952165,0.52,0.376
20538.66591178576,0.52,0.384
20538.66615761936,0.536,0.384
20538.666403452953,0.544,0.384
20538.666649286548,0.504,0.392
20538.666895120143,0.512,0.384
20538.66714095374,0.496,0.384
20538.667386787336,0.512,0.384
20538.66763262093,0.496,0.376
20538.667878454526,0.512,0.384
20538.66812428812,0.496,0.392
20538.66837012172,0.496,0.384
20538.668615955314,0.512,0.392
20538.66886178891,0.504,0.384
20538.669107622503,0.528,0.384
20538.669353456098,0.528,0.384
20538.669599289697,0.496,0.392
20538.66984512329,0.496,0.384
20538.670090956886,0.504,0.376
20538.67033679048,0.496,0.384
20538.67058262408,0.52,0.376
20538.670828457674,0.52,0.384
20538.67107429127,0.536,0.392
20538.671320124864,0.536,0.384
20538.67156595846,0.52,0.392
20538.671811792057,0.52,0.384
20538.672057625652,0.496,0.384
20538.672303459247,0.512,0.392
20538.67254929284,0.496,0.384
20538.672795126437,0.496,0.384
20538.673040960035,0.528,0.384
20538.67328679363,0.52,0.384
20538.673532627225,0.544,0.40800000000000003
20538.67377846082,0.544,0.40800000000000003
20538.674024294418,0.52,0.44
20538.674270128013,0.528,0.448
20538.674515961608,0.504,0.44
20538.674761795202,0.496,0.44
20538.675007628797,0.504,0.456
20538.675253462396,0.496,0.448
20538.67549929599,0.544,0.432
20538.675745129585,0.544,0.448
20538.67599096318,0.504,0.44
20538.676236796775,0.52,0.448
20538.676482630373,0.496,0.432
20538.676728463968,0.496,0.456
20538.676974297563,0.512,0.44
20538.677220131158,0.512,0.456
20538.677465964753,0.544,0.44
20538.67771179835,0.528,0.44
20538.677957631946,0.552,0.456
20538.67820346554,0.528,0.456
20538.678449299136,0.544,0.41600000000000004
20538.678695132734,0.536,0.40800000000000003
20538.67894096633,0.496,0.384
20538.679186799924,0.512,0.384
20538.67943263352,0.496,0.392
20538.679678467113,0.496,0.384
20538.67992430071,0.512,0.392
20538.680170134307,0.512,0.384
20538.6804159679,0.496,0.376
20538.680661801496,0.496,0.392
20538.68090763509,0.52,0.376
20538.68115346869,0.504,0.384
20538.681399302284,0.488,0.384
20538.68164513588,0.496,0.384
20538.681890969474,0.512,0.392
20538.682136803072,0.496,0.384
20538.682382636667,0.528,0.392
20538.682628470262,0.512,0.384
20538.682874303857,0.488,0.392
20538.68312013745,0.52,0.384
20538.68336597105,0.496,0.392
20538.683611804645,0.536,0.384
20538.68385763824,0.496,0.384
20538.684103471835,0.496,0.384
20538.68434930543,0.52,0.392
20538.684595139028,0.504,0.384
20538.684840972623,0.496,0.384
20538.685086806217,0.496,0.392
20538.685332639812,0.52,0.376
20538.68557847341,0.496,0.384
20538.685824307006,0.52,0.376
20538.6860701406,0.504,0.384
20538.686315974195,0.496,0.392
20538.68656180779,0.504,0.384
20538.68680764139,0.536,0.392
20538.687053474983,0.528,0.384
20538.687299308578,0.504,0.392
20538.687545142173,0.512,0.384
20538.687790975768,0.496,0.392
20538.688036809366,0.496,0.376
20538.68828264296,0.512,0.392
20538.688528476556,0.496,0.392
20538.68877431015,0.512,0.376
20538.68902014375,0.496,0.392
20538.689265977344,0.504,0.384
20538.68951181094,0.496,0.384
20538.689757644534,0.536,0.392
20538.69000347813,0.536,0.384
20538.690249311727,0.552,0.376
20538.69049514532,0.536,0.384
20538.690740978916,0.552,0.376
20538.69098681251,0.536,0.384
20538.691232646106,0.552,0.384
20538.691478479705,0.536,0.384
20538.6917243133,0.552,0.392
20538.691970146894,0.536,0.384
20538.69221598049,0.544,0.384
20538.692461814087,0.536,0.384
20538.692707647682,0.552,0.376
20538.692953481277,0.536,0.384
20538.693199314872,0.552,0.392
20538.693445148467,0.552,0.384
20538.693690982065,0.536,0.392
20538.69393681566,0.552,0.384
20538.694182649255,0.536,0.384
20538.69442848285,0.544,0.392
20538.694674316444,0.552,0.376
20538.694920150043,0.56,0.384
20538.695165983638,0.536,0.376
20538.695411817233,0.536,0.384
20538.695657650827,0.552,0.392
20538.695903484422,0.544,0.384
20538.69614931802,0.56,0.392
20538.696395151615,0.536,0.392
20538.69664098521,0.56,0.384
20538.696886818805,0.536,0.384
20538.697132652404,0.56,0.392
20538.697378486,0.56,0.384
20538.697624319593,0.536,0.392
20538.697870153188,0.544,0.384
20538.698115986783,0.552,0.384
20538.69836182038,0.544,0.384
20538.698607653976,0.56,0.376
20538.69885348757,0.536,0.384
20538.699099321166,0.552,0.392
20538.69934515476,0.56,0.384
20538.69959098836,0.544,0.392
20538.699836821954,0.544,0.384
20538.70008265555,0.56,0.376
20538.700328489143,0.544,0.376
20538.700574322742,0.56,0.392
20538.700820156337,0.544,0.384
20538.70106598993,0.56,0.392
20538.701311823526,0.552,0.384
20538.70155765712,0.536,0.392
20538.70180349072,0.544,0.384
20538.702049324314,0.56,0.392
20538.70229515791,0.544,0.384
20538.702540991504,0.56,0.392
20538.7027868251,0.536,0.384
20538.703032658697,0.56,0.384
20538.703278492292,0.544,0.384
20538.703524325887,0.56,0.392
20538.70377015948,0.544,0.384
20538.70401599308,0.56,0.384
20538.704261826675,0.544,0.384
20538.70450766027,0.552,0.392
20538.704753493865,0.544,0.392
20538.70499932746,0.552,0.376
20538.705245161058,0.544,0.384
20538.705490994653,0.552,0.384
20538.705736828248,0.544,0.384
20538.705982661842,0.56,0.392
20538.706228495437,0.544,0.384
20538.706474329036,0.56,0.384
20538.70672016263,0.544,0.384
20538.706965996225,0.56,0.376
20538.70721182982,0.544,0.384
20538.70745766342,0.56,0.392
20538.707703497013,0.544,0.384
20538.70794933061,0.56,0.392
20538.708195164203,0.552,0.376
20538.708440997798,0.544,0.392
20538.708686831396,0.544,0.384
20538.70893266499,0.56,0.384
20538.709178498586,0.544,0.384
20538.70942433218,0.552,0.392
20538.709670165776,0.544,0.384
20538.709915999374,0.56,0.376
20538.71016183297,0.544,0.384
20538.710407666564,0.56,0.392
20538.71065350016,0.56,0.392
20538.710899333757,0.544,0.384
20538.71114516735,0.544,0.384
20538.711391000947,0.56,0.392
20538.71163683454,0.544,0.384
20538.711882668136,0.56,0.392
20538.712128501735,0.544,0.384
20538.71237433533,0.552,0.392
20538.712620168924,0.544,0.384
20538.71286600252,0.56,0.392
20538.713111836114,0.544,0.384
20538.713357669712,0.56,0.392
20538.713603503307,0.544,0.392
20538.713849336902,0.56,0.384
20538.714095170497,0.544,0.384
20538.71434100409,0.56,0.392
20538.71458683769,0.544,0.384
20538.714832671285,0.56,0.424
20538.71507850488,0.544,0.432
20538.715324338475,0.56,0.40800000000000003
20538.715570172073,0.544,0.41600000000000004
20538.715816005668,0.56,0.392
20538.716061839263,0.544,0.392
20538.716307672858,0.56,0.40800000000000003
20538.716553506452,0.544,0.4
20538.71679934005,0.56,0.384
20538.717045173646,0.544,0.384
20538.71729100724,0.56,0.368
20538.717536840835,0.56,0.368
20538.71778267443,0.544,0.296
20538.71802850803,0.544,0.28800000000000003
20538.718274341623,0.56,0.152
20538.718520175218,0.544,0.136
20538.718766008813,0.56,0.048
20538.71901184241,0.544,0.048
20538.719257676006,0.56,0.0
20538.7195035096,0.552,0.008
20538.719749343196,0.544,-0.008
20538.71999517679,0.544,0.0
20538.72024101039,0.56,-0.008
20538.720486843984,0.544,0.0
20538.72073267758,0.56,-0.016
20538.720978511174,0.544,0.0
20538.72122434477,0.552,-0.016
20538.721470178367,0.544,0.0
20538.72171601196,0.56,-0.016
20538.721961845557,0.544,0.0
20538.72220767915,0.56,-0.016
20538.72245351275,0.544,-0.016
20538.722699346345,0.56,0.0
20538.72294517994,0.56,-0.016
20538.723191013534,0.544,0.0
20538.72343684713,0.544,-0.016
20538.723682680728,0.56,0.0
20538.723928514322,0.544,0.0
20538.724174347917,0.56,-0.016
20538.724420181512,0.544,-0.016
20538.724666015107,0.56,0.0
20538.724911848705,0.56,0.0
20538.7251576823,0.544,-0.016
20538.725403515895,0.544,0.0
20538.72564934949,0.56,-0.016
20538.725895183088,0.544,0.0
20538.726141016683,0.56,-0.016
20538.726386850278,0.544,-0.016
20538.726632683873,0.56,0.0
20538.726878517467,0.544,0.0
20538.727124351066,0.56,-0.016
20538.72737018466,0.56,-0.016
20538.727616018256,0.544,0.0
20538.72786185185,0.56,0.0
20538.728107685445,0.544,-0.016
20538.728353519044,0.56,-0.016
20538.72859935264,0.544,0.0
20538.728845186233,0.544,0.0
20538.729091019828,0.56,-0.016
20538.729336853427,0.544,-0.016
20538.72958268702,0.552,0.0
20538.729828520616,0.552,-0.016
20538.73007435421,0.544,0.0
20538.730320187806,0.544,-0.016
20538.730566021404,0.56,0.0
20538.730811855,0.544,-0.016
20538.731057688594,0.56,0.0
20538.73130352219,0.544,0.0
20538.731549355783,0.56,-0.016
20538.731795189382,0.544,0.0
20538.732041022977,0.56,-0.016
20538.73228685657,0.544,-0.016
20538.732532690166,0.56,0.0
20538.73277852376,0.544,-0.016
20538.73302435736,0.56,0.0
20538.733270190954,0.544,-0.008
20538.73351602455,0.56,-0.016
20538.733761858144,0.544,-0.016
20538.734007691743,0.56,0.0
20538.734253525337,0.56,0.0
20538.734499358932,0.544,-0.016
20538.734745192527,0.544,0.0
20538.734991026122,0.56,-0.016
20538.73523685972,0.544,0.0
20538.735482693315,0.56,-0.016
20538.73572852691,0.544,0.0
20538.735974360505,0.56,-0.016
20538.7362201941,0.544,-0.016
20538.736466027698,0.56,0.0
20538.736711861293,0.544,-0.016
20538.736957694888,0.56,-0.008
20538.737203528482,0.544,-0.016
20538.73744936208,0.56,0.0
20538.737695195676,0.544,-0.008
20538.73794102927,0.56,-0.016
20538.738186862865,0.544,-0.016
20538.73843269646,0.56,-0.008
20538.73867853006,0.544,-0.016
20538.738924363653,0.56,0.0
20538.73917019725,0.544,-0.016
20538.739416030843,0.56,0.0
20538.739661864438,0.544,-0.016
20538.739907698036,0.56,0.0
20538.74015353163,0.544,-0.008
20538.740399365226,0.56,-0.016
20538.74064519882,0.544,-0.016
20538.74089103242,0.56,0.0
20538.741136866014,0.544,0.0
20538.74138269961,0.56,-0.016
20538.741628533204,0.544,-0.016
20538.7418743668,0.56,0.0
20538.742120200397,0.552,-0.008
20538.742366033992,0.544,-0.016
20538.742611867587,0.544,-0.016
20538.74285770118,0.56,-0.008
20538.743103534776,0.544,-0.016
20538.743349368375,0.56,0.0
20538.74359520197,0.544,-0.016
20538.743841035564,0.56,0.0
20538.74408686916,0.544,-0.016
20538.744332702758,0.56,0.0
20538.744578536352,0.544,-0.016
20538.744824369947,0.552,0.0
20538.745070203542,0.544,-0.008
20538.745316037137,0.56,-0.016
20538.745561870735,0.544,-0.016
20538.74580770433,0.552,0.0
20538.746053537925,0.544,-0.016
20538.74629937152,0.552,0.0
20538.746545205115,0.544,-0.008
20538.746791038713,0.5680000000000001,-0.016
20538.747036872308,0.544,-0.016
20538.747282705903,0.56,0.0
20538.747528539498,0.544,-0.016
20538.747774373096,0.56,-0.008
20538.74802020669,0.56,-0.008
20538.748266040286,0.544,-0.016
20538.74851187388,0.544,-0.016
20538.748757707475,0.56,0.0
20538.749003541074,0.544,-0.016
20538.74924937467,0.56,0.0
20538.749495208263,0.544,-0.016
20538.74974104186,0.56,0.0
20538.749986875453,0.544,-0.016
20538.75023270905,0.56,-0.008
20538.750478542646,0.544,-0.016
20538.75072437624,0.56,-0.008
20538.750970209836,0.56,-0.016
20538.75121604343,0.544,0.0
20538.75146187703,0.544,-0.016
20538.751707710624,0.5680000000000001,-0.008
20538.75195354422,0.544,-0.008
20538.752199377814,0.56,-0.016
20538.752445211412,0.544,-0.016
20538.752691045007,0.56,0.0
20538.7529368786,0.56,-0.016
20538.753182712197,0.544,0.0
20538.75342854579,0.544,-0.016
20538.75367437939,0.56,0.0
20538.753920212985,0.56,-0.016
20538.75416604658,0.544,0.0
20538.754411880174,0.544,-0.016
20538.75465771377,0.56,0.0
20538.754903547368,0.544,-0.016
20538.755149380962,0.552,-0.008
20538.755395214557,0.544,-0.016
20538.755641048152,0.552,0.0
20538.75588688175,0.544,-0.016
20538.756132715345,0.56,0.0
20538.75637854894,0.56,-0.016
20538.756624382535,0.544,0.0
20538.75687021613,0.544,-0.016
20538.75711604973,0.56,0.0
20538.757361883323,0.544,-0.016
20538.757607716918,0.56,0.0
20538.757853550513,0.56,-0.016
20538.758099384107,0.544,-0.008
20538.758345217706,0.56,-0.016
20538.7585910513,0.544,0.0
20538.758836884896,0.544,-0.016
20538.75908271849,0.56,-0.008
20538.75932855209,0.544,-0.016
20538.759574385684,0.56,0.0
20538.75982021928,0.544,-0.016
20538.760066052873,0.552,-0.008
20538.760311886468,0.544,-0.008
20538.760557720067,0.56,-0.016
20538.76080355366,0.544,-0.008
20538.761049387256,0.56,-0.016
20538.76129522085,0.544,-0.016
20538.761541054446,0.5680000000000001,-0.008
20538.761786888044,0.544,-0.008
20538.76203272164,0.56,-0.016
20538.762278555234,0.544,-0.016
20538.76252438883,0.56,-0.008
20538.762770222427,0.544,-0.008
20538.763016056022,0.56,-0.016
20538.763261889617,0.56,-0.016
20538.76350772321,0.544,-0.008
20538.763753556806,0.544,-0.016
20538.763999390405,0.56,0.0
20538.764245224,0.544,-0.016
20538.764491057595,0.56,0.0
20538.76473689119,0.544,-0.016
20538.764982724784,0.56,0.0
20538.765228558383,0.544,-0.016
20538.765474391977,0.56,0.0
20538.765720225572,0.56,-0.008
20538.765966059167,0.544,-0.016
20538.766211892766,0.544,-0.008
20538.76645772636,0.56,-0.016
20538.766703559955,0.544,-0.008
20538.76694939355,0.56,-0.016
20538.767195227145,0.544,-0.008
20538.767441060743,0.552,-0.016
20538.767686894338,0.544,-0.016
20538.767932727933,0.56,-0.008
20538.768178561528,0.56,-0.016
20538.768424395123,0.544,-0.008
20538.76867022872,0.56,-0.016
20538.768916062316,0.544,0.0
20538.76916189591,0.56,-0.008
20538.769407729505,0.544,-0.016
20538.7696535631,0.56,-0.016
20538.7698993967,0.544,-0.008
20538.770145230294,0.544,-0.008
20538.77039106389,0.56,-0.016
20538.770636897483,0.544,-0.016
20538.77088273108,0.56,0.0
20538.771128564676,0.544,-0.008
20538.77137439827,0.56,-0.016
20538.771620231866,0.56,-0.016
20538.77186606546,0.544,0.0
20538.77211189906,0.544,0.0
20538.772357732654,0.56,-0.016
20538.77260356625,0.56,-0.016
20538.772849399844,0.544,-0.008
20538.77309523344,0.544,-0.016
20538.773341067037,0.56,0.0
20538.773586900632,0.544,-0.016
20538.773832734227,0.56,0.0
20538.77407856782,0.56,-0.016
20538.77432440142,0.544,0.0
20538.774570235015,0.544,-0.016
20538.77481606861,0.56,-0.008
20538.775061902204,0.544,-0.008
20538.7753077358,0.56,-0.016
20538.775553569398,0.544,-0.016
20538.775799402993,0.56,-0.008
20538.776045236587,0.544,-0.008
20538.776291070182,0.56,-0.016
20538.776536903777,0.544,-0.016
20538.776782737375,0.56,0.0
20538.77702857097,0.544,-0.016
20538.777274404565,0.56,0.0
20538.77752023816,0.544,-0.016
20538.77776607176,0.56,0.0
20538.778011905353,0.544,-0.016
20538.778257738948,0.56,0.0
20538.778503572543,0.544,-0.016
20538.778749406138,0.56,0.0
20538.778995239736,0.544,-0.008
20538.77924107333,0.56,0.024
20538.779486906926,0.544,0.032
20538.77973274052,0.56,0.136
20538.779978574115,0.56,0.152
20538.780224407714,0.544,0.272
20538.78047024131,0.544,0.28800000000000003
20538.780716074903,0.56,0.352
20538.7809619085,0.56,0.352
20538.781207742097,0.544,0.376
20538.78145357569,0.544,0.376
20538.781699409286,0.56,0.384
20538.78194524288,0.544,0.376
20538.782191076476,0.552,0.392
20538.782436910074,0.544,0.392
20538.78268274367,0.56,0.376
20538.782928577264,0.544,0.384
20538.78317441086,0.56,0.392
20538.783420244454,0.544,0.384
20538.783666078052,0.56,0.376
20538.783911911647,0.544,0.384
20538.784157745242,0.552,0.384
20538.784403578837,0.544,0.384
20538.784649412435,0.56,0.392
20538.78489524603,0.56,0.384
20538.785141079625,0.544,0.392
20538.78538691322,0.544,0.384
20538.785632746814,0.56,0.392
20538.785878580413,0.544,0.384
20538.786124414008,0.5680000000000001,0.40800000000000003
20538.786370247602,0.56,0.41600000000000004
20538.786616081197,0.544,0.44
20538.786861914792,0.544,0.44
20538.78710774839,0.56,0.392
20538.787353581985,0.544,0.40800000000000003
20538.78759941558,0.56,0.384
20538.787845249175,0.544,0.392
20538.78809108277,0.56,0.40800000000000003
20538.78833691637,0.544,0.4
20538.788582749963,0.56,0.384
20538.788828583558,0.544,0.4
20538.789074417153,0.56,0.384
20538.78932025075,0.544,0.392
20538.789566084346,0.552,0.432
20538.78981191794,0.544,0.424
20538.790057751536,0.56,0.448
20538.79030358513,0.544,0.432
20538.79054941873,0.56,0.448
20538.790795252324,0.544,0.44
20538.79104108592,0.56,0.448
20538.791286919513,0.544,0.448
20538.79153275311,0.56,0.41600000000000004
20538.791778586707,0.544,0.424
20538.7920244203,0.56,0.392
20538.792270253896,0.544,0.392
20538.79251608749,0.56,0.424
20538.79276192109,0.544,0.424
20538.793007754684,0.56,0.432
20538.79325358828,0.544,0.41600000000000004
20538.793499421874,0.56,0.44
20538.79374525547,0.544,0.432
20538.793991089067,0.56,0.448
20538.794236922662,0.56,0.448
20538.794482756257,0.544,0.432
20538.79472858985,0.544,0.44
20538.794974423447,0.56,0.40800000000000003
20538.795220257045,0.56,0.40800000000000003
20538.79546609064,0.544,0.392
20538.795711924235,0.544,0.40800000000000003
20538.79595775783,0.56,0.448
20538.796203591428,0.544,0.448
20538.796449425023,0.56,0.424
20538.796695258618,0.56,0.41600000000000004
20538.796941092212,0.544,0.448
20538.797186925807,0.544,0.448
20538.797432759406,0.56,0.432
20538.797678593,0.544,0.432
20538.797924426595,0.552,0.448
20538.79817026019,0.544,0.448
20538.798416093785,0.552,0.424
20538.798661927383,0.544,0.432
20538.79890776098,0.56,0.448
20538.799153594573,0.544,0.448
20538.799399428168,0.56,0.432
20538.799645261766,0.56,0.44
20538.79989109536,0.544,0.456
20538.800136928956,0.56,0.448
20538.80038276255,0.544,0.392
20538.800628596146,0.544,0.392
20538.800874429744,0.56,0.424
20538.80112026334,0.56,0.432
20538.801366096934,0.544,0.448
20538.80161193053,0.544,0.44
20538.801857764123,0.56,0.40800000000000003
20538.80210359772,0.544,0.424
20538.802349431317,0.56,0.392
20538.80259526491,0.544,0.384
20538.802841098506,0.56,0.432
20538.803086932105,0.544,0.424
20538.8033327657,0.56,0.448
20538.803578599294,0.544,0.424
20538.80382443289,0.56,0.384
20538.804070266484,0.544,0.392
20538.804316100082,0.56,0.40800000000000003
20538.804561933677,0.544,0.40800000000000003
20538.804807767272,0.56,0.432
20538.805053600867,0.544,0.40800000000000003
20538.80529943446,0.56,0.44
20538.80554526806,0.544,0.432
20538.805791101655,0.56,0.448
20538.80603693525,0.56,0.448
20538.806282768845,0.544,0.44
20538.80652860244,0.544,0.44
20538.806774436038,0.56,0.448
20538.807020269633,0.544,0.448
20538.807266103227,0.552,0.392
20538.807511936822,0.544,0.392
20538.80775777042,0.552,0.40800000000000003
20538.808003604016,0.544,0.4
20538.80824943761,0.56,0.384
20538.808495271205,0.544,0.384
20538.8087411048,0.56,0.384
20538.8089869384,0.544,0.384
20538.809232771993,0.56,0.384
20538.809478605588,0.544,0.384
20538.809724439183,0.56,0.392
20538.809970272778,0.544,0.384
20538.810216106376,0.56,0.392
20538.81046193997,0.56,0.384
20538.810707773566,0.544,0.392
20538.81095360716,0.552,0.384
20538.81119944076,0.544,0.392
20538.811445274354,0.56,0.384
20538.81169110795,0.544,0.384
20538.811936941544,0.544,0.384
20538.81218277514,0.56,0.392
20538.812428608737,0.56,0.384
20538.81267444233,0.544,0.392
20538.812920275926,0.544,0.392
20538.81316610952,0.56,0.376
20538.813411943116,0.544,0.384
20538.813657776715,0.56,0.392
20538.81390361031,0.544,0.384
20538.814149443904,0.56,0.392
20538.8143952775,0.544,0.392
20538.814641111097,0.56,0.384
20538.814886944692,0.544,0.384
20538.815132778287,0.56,0.392
20538.815378611882,0.544,0.384
20538.815624445477,0.56,0.392
20538.815870279075,0.56,0.384
20538.81611611267,0.544,0.392
20538.816361946265,0.56,0.384
20538.81660777986,0.544,0.392
20538.816853613454,0.544,0.384
20538.817099447053,0.56,0.392
20538.817345280648,0.544,0.384
20538.817591114243,0.56,0.384
20538.817836947837,0.56,0.384
20538.818082781436,0.544,0.384
20538.81832861503,0.544,0.384
20538.818574448625,0.56,0.384
20538.81882028222,0.544,0.384
20538.819066115815,0.56,0.392
20538.819311949414,0.56,0.384
20538.81955778301,0.544,0.392
20538.819803616603,0.544,0.384
20538.820049450198,0.56,0.384
20538.820295283793,0.56,0.384
20538.82054111739,0.544,0.392
20538.820786950986,0.544,0.384
20538.82103278458,0.56,0.392
20538.821278618176,0.544,0.384
20538.821524451774,0.56,0.392
20538.82177028537,0.544,0.384
20538.822016118964,0.56,0.384
20538.82226195256,0.544,0.384
20538.822507786153,0.56,0.392
20538.822753619752,0.544,0.384
20538.822999453347,0.56,0.384
20538.828244924545,0.536,0.0
20538.828511229753,0.544,-0.016
20538.82877753496,0.536,0.0
20538.82904384017,0.552,-0.016
20538.82931014538,0.536,0.0
20538.829576450586,0.552,-0.008
20538.829842755793,0.536,0.0
20538.830109061004,0.552,-0.016
20538.83037536621,0.536,0.0
20538.83064167142,0.552,-0.016
20538.830907976626,0.536,0.0
20538.831174281837,0.552,-0.016
20538.831440587044,0.536,0.0
20538.83170689225,0.552,-0.016
20538.83197319746,0.56,0.0
20538.83223950267,0.536,-0.016
20538.832505807877,0.552,0.0
20538.832772113085,0.536,-0.016
20538.833038418292,0.536,0.0
20538.833304723503,0.552,-0.016
20538.83357102871,0.536,-0.008
20538.833837333917,0.552,0.024
20538.834103639125,0.536,0.024
20538.834369944336,0.552,0.128
20538.834636249543,0.544,0.136
20538.83490255475,0.552,0.28800000000000003
20538.835168859958,0.56,0.28800000000000003
20538.835435165165,0.536,0.36
20538.835701470376,0.536,0.36
20538.835967775583,0.56,0.392
20538.83623408079,0.56,0.384
20538.836500385998,0.536,0.392
20538.83676669121,0.536,0.392
20538.837032996416,0.56,0.4
20538.837299301624,0.552,0.4
20538.83756560683,0.536,0.392
20538.837831912042,0.544,0.392
20538.83809821725,0.56,0.40800000000000003
20538.838364522457,0.56,0.392
20538.838630827664,0.536,0.40800000000000003
20538.838897132875,0.544,0.392
20538.839163438082,0.56,0.4
20538.83942974329,0.544,0.392
20538.839696048497,0.56,0.40800000000000003
20538.839962353708,0.544,0.40800000000000003
20538.840228658915,0.56,0.392
20538.840494964123,0.56,0.392
20538.84076126933,0.536,0.40800000000000003
20538.84102757454,0.544,0.4
20538.84129387975,0.56,0.392
20538.841560184956,0.56,0.392
20538.841826490163,0.536,0.40800000000000003
20538.84209279537,0.544,0.4
20538.84235910058,0.56,0.392
20538.84262540579,0.544,0.4
20538.842891710996,0.56,0.392
20538.843158016203,0.544,0.4
20538.843424321414,0.56,0.392
20538.84369062662,0.544,0.392
20538.84395693183,0.56,0.40800000000000003
20538.844223237036,0.544,0.40800000000000003
20538.844489542247,0.56,0.392
20538.844755847455,0.536,0.4
20538.845022152662,0.56,0.392
20538.84528845787,0.544,0.392
20538.84555476308,0.56,0.40800000000000003
20538.845821068287,0.544,0.392
20538.846087373495,0.56,0.40800000000000003
20538.846353678702,0.56,0.392
20538.846619983913,0.544,0.4
20538.84688628912,0.544,0.392
20538.847152594328,0.56,0.4
20538.847418899535,0.544,0.40800000000000003
20538.847685204746,0.56,0.392
20538.847951509953,0.544,0.4
20538.84821781516,0.56,0.392
20538.848484120368,0.544,0.392
20538.848750425575,0.56,0.4
20538.849016730786,0.544,0.392
20538.849283035994,0.56,0.40800000000000003
20538.8495493412,0.544,0.4
20538.84981564641,0.552,0.392
20538.85008195162,0.544,0.392
20538.850348256827,0.552,0.40800000000000003
20538.850614562034,0.544,0.4
20538.85088086724,0.56,0.392
20538.851147172452,0.544,0.392
20538.85141347766,0.56,0.40800000000000003
20538.851679782867,0.56,0.392
20538.851946088074,0.536,0.4
20538.852212393285,0.544,0.392
20538.852478698493,0.552,0.40800000000000003
20538.8527450037,0.544,0.392
20538.853011308907,0.56,0.40800000000000003
20538.85327761412,0.544,0.40800000000000003
20538.853543919326,0.56,0.392
20538.853810224533,0.544,0.392
20538.85407652974,0.56,0.40800000000000003
20538.85434283495,0.544,0.40800000000000003
20538.85460914016,0.56,0.392
20538.854875445366,0.544,0.392
20538.855141750573,0.56,0.40800000000000003
20538.85540805578,0.544,0.4
20538.85567436099,0.56,0.392
20538.8559406662,0.544,0.4
20538.856206971406,0.56,0.392
20538.856473276614,0.544,0.392
20538.856739581825,0.56,0.4
20538.857005887032,0.544,0.392
20538.85727219224,0.56,0.40800000000000003
20538.857538497447,0.544,0.392
20538.857804802657,0.56,0.40800000000000003
20538.858071107865,0.544,0.40800000000000003
20538.858337413072,0.56,0.392
20538.85860371828,0.544,0.4
20538.85887002349,0.552,0.392
20538.859136328698,0.56,0.392
20538.859402633905,0.536,0.40800000000000003
20538.859668939112,0.56,0.4
20538.859935244323,0.544,0.392
20538.86020154953,0.552,0.392
20538.860467854738,0.536,0.40800000000000003
20538.860734159945,0.544,0.40800000000000003
20538.861000465156,0.56,0.392
20538.861266770364,0.544,0.4
20538.86153307557,0.56,0.392
20538.86179938078,0.544,0.392
20538.862065685986,0.56,0.40800000000000003
20538.862331991197,0.544,0.40800000000000003
20538.862598296404,0.56,0.392
20538.86286460161,0.544,0.392
20538.86313090682,0.56,0.4
20538.86339721203,0.544,0.392
20538.863663517237,0.56,0.4
20538.863929822444,0.544,0.40800000000000003
20538.86419612765,0.552,0.392
20538.864462432863,0.544,0.392
20538.86472873807,0.56,0.4
20538.864995043277,0.544,0.4
20538.865261348485,0.56,0.392
20538.865527653696,0.544,0.392
20538.865793958903,0.56,0.40800000000000003
20538.86606026411,0.552,0.392
20538.866326569318,0.528,0.40800000000000003
20538.86659287453,0.536,0.392
20538.866859179736,0.512,0.40800000000000003
20538.867125484943,0.504,0.392
20538.86739179015,0.528,0.40800000000000003
20538.86765809536,0.52,0.40800000000000003
20538.86792440057,0.536,0.392
20538.868190705776,0.512,0.392
20538.868457010984,0.544,0.40800000000000003
20538.86872331619,0.544,0.40800000000000003
20538.868989621402,0.512,0.392
20538.86925592661,0.528,0.4
20538.869522231817,0.56,0.392
20538.869788537024,0.544,0.392
20538.870054842235,0.56,0.4
20538.870321147442,0.552,0.392
20538.87058745265,0.536,0.4
20538.870853757857,0.544,0.392
20538.871120063068,0.56,0.40800000000000003
20538.871386368275,0.544,0.392
20538.871652673482,0.56,0.40800000000000003
20538.87191897869,0.544,0.4
20538.8721852839,0.56,0.392
20538.872451589108,0.536,0.392
20538.872717894315,0.56,0.4
20538.872984199523,0.544,0.4
20538.873250504734,0.56,0.392
20538.87351680994,0.56,0.392
20538.87378311515,0.544,0.4
20538.874049420356,0.544,0.392
20538.874315725567,0.56,0.40800000000000003
20538.874582030774,0.56,0.392
20538.87484833598,0.544,0.40800000000000003
20538.87511464119,0.544,0.392
20538.875380946396,0.56,0.4
20538.875647251607,0.544,0.392
20538.875913556814,0.56,0.40800000000000003
20538.87617986202,0.544,0.40800000000000003
20538.87644616723,0.56,0.392
20538.87671247244,0.56,0.4
20538.876978777647,0.544,0.392
20538.877245082855,0.544,0.392
20538.877511388062,0.552,0.40800000000000003
20538.877777693273,0.552,0.392
20538.87804399848,0.536,0.4
20538.878310303688,0.544,0.392
20538.878576608895,0.552,0.4
20538.878842914106,0.544,0.392
20538.879109219313,0.56,0.40800000000000003
20538.87937552452,0.544,0.4
20538.879641829728,0.552,0.392
20538.87990813494,0.544,0.392
20538.880174440146,0.56,0.4
20538.880440745354,0.544,0.392
20538.88070705056,0.56,0.40800000000000003
20538.880973355772,0.544,0.392
20538.88123966098,0.56,0.40800000000000003
20538.881505966187,0.544,0.392
20538.881772271394,0.56,0.40800000000000003
20538.8820385766,0.544,0.392
20538.882304881812,0.56,0.40800000000000003
20538.88257118702,0.544,0.392
20538.882837492227,0.56,0.40800000000000003
20538.883103797434,0.56,0.392
20538.883370102645,0.536,0.4
20538.883636407852,0.544,0.4
20538.88390271306,0.552,0.392
20538.884169018267,0.544,0.4
20538.884435323478,0.56,0.392
20538.884701628685,0.544,0.392
20538.884967933893,0.552,0.40800000000000003
20538.8852342391,0.544,0.4
20538.88550054431,0.56,0.392
20538.88576684952,0.544,0.4
20538.886033154726,0.56,0.392
20538.886299459933,0.544,0.392
20538.886565765144,0.56,0.4
20538.88683207035,0.544,0.392
20538.88709837556,0.56,0.4
20538.887364680766,0.544,0.4
20538.887630985977,0.56,0.392
20538.887897291184,0.544,0.392
20538.88816359639,0.56,0.40800000000000003
20538.8884299016,0.56,0.392
20538.888696206806,0.536,0.40800000000000003
20538.888962512017,0.56,0.40800000000000003
20538.889228817225,0.544,0.392
20538.889495122432,0.544,0.392
20538.88976142764,0.56,0.40800000000000003
20538.89002773285,0.544,0.392
20538.890294038058,0.56,0.40800000000000003
20538.890560343265,0.544,0.40800000000000003
20538.890826648472,0.56,0.392
20538.891092953683,0.544,0.392
20538.89135925889,0.56,0.4
20538.891625564098,0.544,0.392
20538.891891869305,0.56,0.40800000000000003
20538.892158174516,0.544,0.4
20538.892424479724,0.56,0.392
20538.89269078493,0.56,0.392
20538.89295709014,0.544,0.40800000000000003
20538.89322339535,0.544,0.4
20538.893489700557,0.56,0.392
20538.893756005764,0.544,0.392
20538.89402231097,0.56,0.40800000000000003
20538.894288616182,0.544,0.392
20538.89455492139,0.56,0.40800000000000003
20538.894821226597,0.544,0.4
20538.895087531804,0.56,0.432
20538.89535383701,0.544,0.424
20538.895620142222,0.56,0.448
20538.89588644743,0.544,0.464
20538.896152752637,0.56,0.424
20538.896419057844,0.544,0.40800000000000003
20538.896685363055,0.56,0.432
20538.896951668263,0.544,0.448
20538.89721797347,0.56,0.41600000000000004
20538.897484278677,0.544,0.40800000000000003
20538.89775058389,0.56,0.432
20538.898016889096,0.544,0.432
20538.898283194303,0.56,0.456
20538.89854949951,0.56,0.432
20538.89881580472,0.544,0.448
20538.89908210993,0.56,0.448
20538.899348415136,0.536,0.464
20538.899614720343,0.544,0.456
20538.899881025554,0.56,0.392
20538.90014733076,0.544,0.392
20538.90041363597,0.56,0.32
20538.900679941176,0.544,0.312
20538.900946246387,0.56,0.168
20538.901212551595,0.544,0.16
20538.901478856802,0.56,0.056
20538.90174516201,0.544,0.056
20538.902011467217,0.56,0.008
20538.902277772428,0.544,0.016
20538.902544077635,0.56,-0.008
20538.902810382842,0.56,0.0
20538.90307668805,0.544,-0.008
20538.90334299326,0.544,-0.008
20538.903609298468,0.56,0.0
20538.903875603675,0.544,0.0
20538.904141908883,0.56,-0.008
20538.904408214094,0.544,-0.008
20538.9046745193,0.56,0.0
20538.90494082451,0.544,0.0
20538.905207129716,0.56,-0.008
20538.905473434927,0.544,0.0
20538.905739740134,0.56,-0.008
20538.90600604534,0.56,0.0
20538.90627235055,0.544,-0.008
20538.90653865576,0.544,0.0
20538.906804960967,0.552,-0.008
20538.907071266174,0.544,0.0
20538.90733757138,0.56,-0.008
20538.907603876592,0.544,-0.008
20538.9078701818,0.552,0.0
20538.908136487007,0.56,0.0
20538.908402792214,0.544,-0.008
20538.90866909742,0.544,0.0
20538.908935402633,0.552,-0.008
20538.90920170784,0.544,-0.008
20538.909468013047,0.56,0.0
20538.909734318255,0.544,0.0
20538.910000623466,0.56,-0.008
20538.910266928673,0.56,0.0
20538.91053323388,0.544,-0.008
20538.910799539088,0.544,-0.008
20538.9110658443,0.56,0.0
20538.911332149506,0.544,0.0
20538.911598454713,0.56,-0.008
20538.91186475992,0.544,-0.008
20538.91213106513,0.56,0.0
20538.91239737034,0.544,-0.008
20538.912663675546,0.56,0.0
20538.912929980754,0.544,0.0
20538.913196285965,0.56,-0.008
20538.913462591172,0.544,-0.008
20538.91372889638,0.56,0.0
20538.913995201587,0.544,-0.008
20538.914261506798,0.56,0.0
20538.914527812005,0.544,0.0
20538.914794117212,0.552,-0.008
20538.91506042242,0.552,-0.008
20538.915326727627,0.536,0.0
20538.915593032838,0.544,0.0
20538.915859338045,0.56,-0.008
20538.916125643253,0.536,0.0
20538.91639194846,0.56,-0.008
20538.91665825367,0.544,0.0
20538.91692455888,0.56,-0.008
20538.917190864086,0.544,0.0
20538.917457169293,0.56,-0.008
20538.917723474504,0.544,0.0
20538.91798977971,0.56,-0.008
20538.91825608492,0.544,0.0
20538.918522390126,0.56,-0.008
20538.918788695337,0.56,-0.008
20538.919055000544,0.544,0.0
20538.91932130575,0.544,0.0
20538.91958761096,0.56,-0.016
20538.91985391617,0.544,-0.008
20538.920120221377,0.56,0.0
20538.920386526584,0.56,0.0
20538.92065283179,0.536,-0.008
20538.920919137003,0.544,0.0
20538.92118544221,0.56,-0.008
20538.921451747417,0.544,0.0
20538.921718052625,0.56,-0.008
20538.921984357832,0.544,0.0
20538.922250663043,0.56,-0.008
20538.92251696825,0.544,0.0
20538.922783273458,0.56,-0.008
20538.923049578665,0.544,0.0
20538.923315883876,0.552,-0.016
20538.923582189083,0.56,0.0
20538.92384849429,0.544,-0.016
20538.924114799498,0.544,-0.008
20538.92438110471,0.552,0.0
20538.924647409916,0.544,-0.008
20538.924913715124,0.56,0.0
20538.92518002033,0.544,0.0
20538.925446325542,0.56,-0.016
20538.92571263075,0.56,0.0
20538.925978935957,0.536,-0.008
20538.926245241164,0.544,-0.008
20538.926511546375,0.56,0.0
20538.926777851582,0.544,0.0
20538.92704415679,0.56,-0.008
20538.927310461997,0.544,0.0
20538.927576767208,0.56,-0.008
20538.927843072415,0.544,0.0
20538.928109377623,0.56,-0.008
20538.92837568283,0.544,0.0
20538.928641988037,0.56,-0.016
20538.92890829325,0.544,0.0
20538.929174598456,0.552,-0.016
20538.929440903663,0.56,-0.008
20538.92970720887,0.544,0.0
20538.92997351408,0.544,-0.008
20538.93023981929,0.56,0.0
20538.930506124496,0.544,0.0
20538.930772429703,0.56,-0.008
20538.931038734914,0.544,-0.008
20538.93130504012,0.56,0.0
20538.93157134533,0.544,-0.008
20538.931837650536,0.56,0.0
20538.932103955747,0.544,-0.008
20538.932370260954,0.56,0.0
20538.93263656616,0.56,0.0
20538.93290287137,0.544,-0.008
20538.93316917658,0.544,0.0
20538.933435481787,0.56,-0.016
20538.933701786995,0.544,0.0
20538.933968092202,0.552,-0.016
20538.934234397413,0.552,0.0
20538.93450070262,0.536,-0.008
20538.934767007828,0.544,0.0
20538.935033313035,0.552,-0.016
20538.935299618242,0.544,0.0
20538.935565923453,0.56,-0.016
20538.93583222866,0.544,0.0
20538.936098533868,0.56,-0.008
20538.936364839075,0.544,0.0
20538.936631144286,0.56,-0.016
20538.936897449494,0.56,-0.016
20538.9371637547,0.544,0.0
20538.93743005991,0.544,-0.008
20538.93769636512,0.56,0.0
20538.937962670327,0.544,0.0
20538.938228975534,0.552,-0.008
20538.93849528074,0.544,-0.008
20538.938761585952,0.56,0.0
20538.93902789116,0.544,0.0
20538.939294196367,0.552,-0.016
20538.939560501574,0.544,0.0
20538.939826806785,0.56,-0.016
20538.940093111993,0.544,0.0
20538.9403594172,0.56,-0.016
20538.940625722407,0.544,0.0
20538.94089202762,0.56,-0.008
20538.941158332826,0.544,-0.008
20538.941424638033,0.56,0.0
20538.94169094324,0.544,0.0
20538.941957248448,0.56,-0.008
20538.94222355366,0.544,0.0
20538.942489858866,0.56,-0.016
20538.942756164073,0.544,0.0
20538.94302246928,0.56,-0.016
20538.94328877449,0.544,0.0
20538.9435550797,0.56,-0.016
20538.943821384906,0.56,0.0
20538.944087690114,0.544,-0.016
20538.944353995324,0.544,0.0
20538.944620300532,0.552,-0.008
20538.94488660574,0.544,0.0
20538.945152910946,0.56,-0.016
20538.945419216157,0.544,0.0
20538.945685521365,0.56,-0.008
20538.945951826572,0.544,0.0
20538.94621813178,0.56,-0.016
20538.94648443699,0.56,0.0
20538.946750742198,0.544,-0.016
20538.947017047405,0.544,0.0
20538.947283352612,0.56,-0.016
20538.947549657823,0.544,0.0
20538.94781596303,0.56,-0.016
20538.948082268238,0.544,0.0
20538.948348573445,0.56,-0.016
20538.948614878653,0.544,0.0
20538.948881183864,0.56,-0.016
20538.94914748907,0.544,0.0
20538.94941379428,0.56,-0.008
20538.949680099486,0.544,0.0
20538.949946404697,0.56,-0.016
20538.950212709904,0.552,0.0
20538.95047901511,0.544,-0.008
20538.95074532032,0.544,0.0
20538.95101162553,0.56,-0.016
20538.951277930737,0.544,-0.008
20538.951544235944,0.56,0.0
20538.95181054115,0.544,0.0
20538.952076846363,0.56,-0.008
20538.95234315157,0.544,-0.008
20538.952609456777,0.56,0.0
20538.952875761985,0.544,0.0
20538.953142067196,0.56,-0.016
20538.953408372403,0.544,-0.008
20538.95367467761,0.56,0.0
20538.953940982818,0.544,0.0
20538.95420728803,0.56,-0.016
20538.954473593236,0.544,0.0
20538.954739898443,0.56,-0.016
20538.95500620365,0.536,0.0
20538.955272508858,0.56,-0.016
20538.95553881407,0.56,0.0
20538.955805119276,0.544,-0.016
20538.956071424484,0.544,0.0
20538.95633772969,0.56,-0.016
20538.956604034902,0.544,0.0
20538.95687034011,0.56,-0.016
20538.957136645316,0.544,-0.008
20538.957402950524,0.56,0.0
20538.957669255735,0.56,0.0
20538.957935560942,0.536,-0.016
20538.95820186615,0.536,-0.008
20538.958468171357,0.56,0.0
20538.958734476568,0.544,-0.016
20538.959000781775,0.56,0.0
20538.959267086982,0.544,-0.008
20538.95953339219,0.56,0.0
20538.9597996974,0.544,0.0
20538.960066002608,0.56,-0.016
20538.960332307815,0.56,0.0
20538.960598613023,0.544,-0.016
20538.960864918234,0.544,0.0
20538.96113122344,0.552,-0.016
20538.96139752865,0.544,0.0
20538.961663833856,0.552,-0.016
20538.961930139063,0.536,0.0
20538.962196444274,0.552,-0.016
20538.96246274948,0.544,0.0
20538.96272905469,0.56,-0.016
20538.962995359896,0.56,0.0
20538.963261665107,0.536,-0.008
20538.963527970314,0.544,0.0
20538.96379427552,0.552,-0.016
20538.96406058073,0.544,-0.016
20538.96432688594,0.56,0.0
20538.964593191147,0.544,0.0
20538.964859496355,0.56,-0.016
20538.965125801562,0.544,0.0
20538.965392106773,0.56,-0.008
20538.96565841198,0.544,0.0
20538.965924717188,0.56,-0.016
20538.966191022395,0.544,-0.008
20538.966457327606,0.56,0.0
20538.966723632813,0.544,0.0
20538.96698993802,0.56,0.016
20538.967256243228,0.544,0.016
20538.96752254844,0.56,0.128
20538.967788853646,0.56,0.136
20538.968055158854,0.544,0.28800000000000003
20538.96832146406,0.56,0.28800000000000003
20538.96858776927,0.536,0.36
20538.96885407448,0.536,0.36
20538.969120379687,0.56,0.384
20538.969386684894,0.544,0.384
20538.9696529901,0.552,0.4
20538.969919295312,0.544,0.392
20538.97018560052,0.56,0.4
20538.970451905727,0.544,0.392
20538.970718210934,0.56,0.4
20538.970984516145,0.544,0.4
20538.971250821352,0.56,0.392
20538.97151712656,0.544,0.392
20538.971783431767,0.56,0.40800000000000003
20538.972049736978,0.544,0.392
20538.972316042185,0.552,0.40800000000000003
20538.972582347393,0.544,0.40800000000000003
20538.9728486526,0.56,0.392
20538.97311495781,0.544,0.392
20538.97338126302,0.56,0.40800000000000003
20538.973647568226,0.544,0.392
20538.973913873433,0.56,0.40800000000000003
20538.974180178644,0.544,0.392
20538.97444648385,0.56,0.40800000000000003
20538.97471278906,0.552,0.392
20538.974979094266,0.536,0.40800000000000003
20538.975245399473,0.544,0.392
20538.975511704684,0.56,0.40800000000000003
20538.97577800989,0.544,0.4
20538.9760443151,0.56,0.392
20538.976310620306,0.544,0.392
20538.976576925517,0.56,0.40800000000000003
20538.976843230725,0.544,0.4
20538.977109535932,0.56,0.392
20538.97737584114,0.544,0.392
20538.97764214635,0.552,0.40800000000000003
20538.977908451558,0.544,0.4
20538.978174756765,0.56,0.392
20538.978441061972,0.544,0.392
20538.978707367183,0.552,0.40800000000000003
20538.97897367239,0.56,0.392
20538.979239977598,0.536,0.40800000000000003
20538.979506282805,0.56,0.392
20538.979772588016,0.544,0.40800000000000003
20538.980038893224,0.544,0.40800000000000003
20538.98030519843,0.56,0.392
20538.98057150364,0.544,0.4
20538.98083780885,0.56,0.392
20538.981104114057,0.544,0.4
20538.981370419264,0.56,0.392
20538.98163672447,0.544,0.4
20538.98190302968,0.56,0.392
20538.98216933489,0.552,0.40800000000000003
20538.982435640097,0.536,0.392
20538.982701945304,0.544,0.392
20538.98296825051,0.56,0.40800000000000003
20538.983234555722,0.56,0.392
20538.98350086093,0.544,0.40800000000000003
20538.983767166137,0.544,0.392
20538.984033471344,0.56,0.40800000000000003
20538.984299776555,0.56,0.40800000000000003
20538.984566081763,0.536,0.392
20538.98483238697,0.544,0.4
20538.985098692177,0.56,0.392
20538.98536499739,0.544,0.4
20538.985631302596,0.56,0.392
20538.985897607803,0.56,0.4
20538.98616391301,0.544,0.392
20538.98643021822,0.56,0.392
20538.98669652343,0.544,0.40800000000000003
20538.986962828636,0.56,0.392
20538.987229133843,0.544,0.40800000000000003
20538.987495439054,0.544,0.392
20538.98776174426,0.56,0.40800000000000003
20538.98802804947,0.544,0.392
20538.988294354676,0.56,0.40800000000000003
20538.988560659884,0.544,0.4
20538.988826965095,0.56,0.392
20538.989093270302,0.544,0.4
20538.98935957551,0.56,0.392
20538.989625880717,0.56,0.392
20538.989892185928,0.536,0.40800000000000003
20538.990158491135,0.536,0.392
20538.990424796342,0.552,0.40800000000000003
20538.99069110155,0.544,0.392
20538.99095740676,0.552,0.40800000000000003
20538.991223711968,0.544,0.4
20538.991490017175,0.552,0.392
20538.991756322383,0.544,0.4
20538.992022627594,0.56,0.392
20538.9922889328,0.552,0.392
20538.99255523801,0.544,0.40800000000000003
20538.992821543216,0.544,0.40800000000000003
20538.993087848427,0.56,0.392
20538.993354153634,0.544,0.40800000000000003
20538.99362045884,0.56,0.392
20538.99388676405,0.544,0.392
20538.99415306926,0.56,0.40800000000000003
20538.994419374467,0.544,0.392
20538.994685679674,0.552,0.4
20538.99495198488,0.56,0.392
20538.99521829009,0.536,0.40800000000000003
20538.9954845953,0.544,0.392
20538.995750900507,0.552,0.40800000000000003
20538.996017205714,0.544,0.392
20538.99628351092,0.56,0.40800000000000003
20538.996549816133,0.544,0.40800000000000003
20538.99681612134,0.56,0.392
20538.997082426547,0.56,0.4
20538.997348731755,0.544,0.392
20538.997615036966,0.56,0.40800000000000003
20538.997881342173,0.544,0.392
20538.99814764738,0.544,0.392
20538.998413952588,0.56,0.4
20538.9986802578,0.544,0.40800000000000003
20538.998946563006,0.552,0.392
20538.999212868213,0.544,0.392
20538.99947917342,0.56,0.4
20538.99974547863,0.544,0.392
20539.00001178384,0.56,0.40800000000000003
20539.000278089046,0.56,0.40800000000000003
20539.000544394254,0.536,0.392
20539.000810699465,0.536,0.392
20539.001077004672,0.56,0.40800000000000003
20539.00134330988,0.544,0.392
20539.001609615087,0.552,0.40800000000000003
20539.001875920294,0.544,0.392
20539.002142225505,0.56,0.40800000000000003
20539.002408530712,0.544,0.392
20539.00267483592,0.56,0.4
20539.002941141127,0.544,0.392
20539.003207446338,0.56,0.4
20539.003473751545,0.544,0.392
20539.003740056753,0.56,0.40800000000000003
20539.00400636196,0.544,0.392
20539.00427266717,0.56,0.4
20539.00453897238,0.544,0.392
20539.004805277586,0.56,0.40800000000000003
20539.005071582793,0.544,0.392
20539.005337888004,0.552,0.4
20539.00560419321,0.56,0.392
20539.00587049842,0.536,0.40800000000000003
20539.006136803626,0.544,0.392
20539.006403108837,0.56,0.40800000000000003
20539.006669414044,0.544,0.40800000000000003
20539.00693571925,0.552,0.392
20539.00720202446,0.544,0.4
20539.00746832967,0.552,0.392
20539.007734634877,0.544,0.392
20539.008000940084,0.56,0.4
20539.00826724529,0.544,0.392
20539.0085335505,0.56,0.4
20539.00879985571,0.56,0.392
20539.009066160917,0.544,0.4
20539.009332466125,0.544,0.392
20539.009598771332,0.56,0.40800000000000003
20539.009865076543,0.544,0.40800000000000003
20539.01013138175,0.56,0.392
20539.010397686958,0.544,0.392
20539.010663992165,0.56,0.4
20539.010930297376,0.56,0.392
20539.011196602583,0.536,0.4
20539.01146290779,0.536,0.392
20539.011729212998,0.552,0.40800000000000003
20539.01199551821,0.552,0.4
20539.012261823416,0.504,0.392
20539.012528128624,0.512,0.392
20539.01279443383,0.496,0.40800000000000003
20539.013060739042,0.512,0.4
20539.01332704425,0.496,0.392
20539.013593349457,0.504,0.392
20539.013859654664,0.52,0.4
20539.014125959875,0.512,0.392
20539.014392265082,0.496,0.40800000000000003
20539.01465857029,0.496,0.4
20539.014924875497,0.52,0.392
20539.015191180704,0.496,0.392
20539.015457485915,0.512,0.40800000000000003
20539.015723791123,0.512,0.40800000000000003
20539.01599009633,0.496,0.392
20539.016256401537,0.496,0.4
20539.01652270675,0.544,0.392
20539.016789011956,0.52,0.392
20539.017055317163,0.544,0.4
20539.01732162237,0.52,0.392
20539.01758792758,0.536,0.40800000000000003
20539.01785423279,0.528,0.392
20539.018120537996,0.504,0.40800000000000003
20539.018386843203,0.52,0.392
20539.018653148414,0.544,0.4
20539.01891945362,0.544,0.392
20539.01918575883,0.52,0.40800000000000003
20539.019452064036,0.544,0.40800000000000003
20539.019718369247,0.504,0.392
20539.019984674454,0.504,0.4
20539.02025097966,0.536,0.392
20539.02051728487,0.528,0.40800000000000003
20539.02078359008,0.544,0.392
20539.021049895287,0.528,0.392
20539.021316200495,0.504,0.40800000000000003
20539.021582505702,0.504,0.392
20539.02184881091,0.536,0.4
20539.02211511612,0.528,0.392
20539.022381421328,0.512,0.40800000000000003
20539.022647726535,0.52,0.392
20539.022914031742,0.496,0.40800000000000003
20539.023180336953,0.496,0.40800000000000003
20539.02344664216,0.512,0.392
20539.023712947368,0.52,0.392
20539.023979252575,0.504,0.4
20539.024245557786,0.504,0.392
20539.024511862994,0.528,0.4
20539.0247781682,0.528,0.4
20539.02504447341,0.504,0.392
20539.02531077862,0.528,0.4
20539.025577083827,0.496,0.392
20539.025843389034,0.504,0.392
20539.02610969424,0.52,0.4
20539.026375999452,0.496,0.392
20539.02664230466,0.536,0.4
20539.026908609867,0.544,0.392
20539.027174915074,0.52,0.40800000000000003
20539.027441220285,0.52,0.40800000000000003
20539.027707525493,0.544,0.392
20539.0279738307,0.528,0.392
20539.028240135907,0.504,0.40800000000000003
20539.028506441115,0.52,0.392
20539.028772746326,0.496,0.4
20539.029039051533,0.496,0.4
20539.02930535674,0.52,0.40800000000000003
20539.029571661948,0.512,0.40800000000000003
20539.02983796716,0.496,0.392
20539.030104272366,0.496,0.392
20539.030370577573,0.52,0.4
20539.03063688278,0.496,0.392
20539.03090318799,0.512,0.40800000000000003
20539.0311694932,0.504,0.392
20539.031435798406,0.52,0.40800000000000003
20539.031702103613,0.496,0.4
20539.031968408824,0.528,0.392
20539.03223471403,0.52,0.392
20539.03250101924,0.544,0.4
20539.032767324446,0.52,0.392
20539.033033629657,0.536,0.4
20539.033299934865,0.536,0.384
20539.033566240072,0.512,0.312
20539.03383254528,0.504,0.312
20539.03409885049,0.52,0.16
20539.034365155698,0.504,0.152
20539.034631460905,0.496,0.056
20539.034897766112,0.496,0.056
20539.03516407132,0.504,0.008
20539.03543037653,0.496,0.008
20539.035696681738,0.512,-0.008
20539.035962986945,0.496,-0.008
20539.036229292153,0.52,0.0
20539.036495597364,0.512,-0.008
20539.03676190257,0.496,0.0
20539.03702820778,0.496,0.0
20539.037294512986,0.536,-0.008
20539.037560818197,0.544,0.0
20539.037827123404,0.52,-0.008
20539.03809342861,0.528,0.0
20539.03835973382,0.512,-0.008
20539.03862603903,0.512,0.0
20539.038892344237,0.536,-0.008
20539.039158649444,0.528,0.0
20539.03942495465,0.536,-0.008
20539.039691259863,0.544,-0.008
20539.03995756507,0.52,0.0
20539.040223870277,0.536,-0.008
20539.040490175485,0.552,0.0
20539.040756480696,0.536,0.0
20539.041022785903,0.552,-0.008
20539.04128909111,0.536,-0.008
20539.041555396318,0.552,0.0
20539.041821701525,0.536,0.0
20539.042088006736,0.552,-0.008
20539.042354311943,0.536,0.0
20539.04262061715,0.552,-0.008
20539.042886922358,0.552,0.0
20539.04315322757,0.536,-0.008
20539.043419532776,0.536,-0.008
20539.043685837984,0.552,0.0
20539.04395214319,0.56,-0.008
20539.0442184484,0.536,0.0
20539.04448475361,0.536,0.0
20539.044751058816,0.552,-0.008
20539.045017364024,0.552,0.0
20539.045283669235,0.536,-0.008
20539.045549974442,0.536,-0.008
20539.04581627965,0.544,0.0
20539.046082584857,0.56,-0.008
20539.046348890068,0.536,0.0
20539.046615195275,0.536,-0.008
20539.046881500482,0.56,0.0
20539.04714780569,0.56,0.0
20539.0474141109,0.536,-0.008
20539.047680416108,0.536,0.0
20539.047946721315,0.56,-0.008
20539.048213026523,0.544,0.0
20539.04847933173,0.56,-0.008
20539.04874563694,0.544,0.0
20539.04901194215,0.56,-0.008
20539.049278247356,0.552,0.0
20539.049544552563,0.536,-0.008
20539.049810857774,0.544,0.0
20539.05007716298,0.552,-0.008
20539.05034346819,0.544,0.0
20539.050609773396,0.56,-0.008
20539.050876078607,0.544,-0.008
20539.051142383814,0.56,0.0
20539.05140868902,0.544,0.0
20539.05167499423,0.552,-0.008
20539.05194129944,0.544,-0.008
20539.052207604647,0.56,0.0
20539.052473909855,0.544,0.0
20539.052740215062,0.56,-0.008
20539.053006520273,0.544,-0.008
20539.05327282548,0.56,0.0
20539.053539130688,0.536,0.0
20539.053805435895,0.56,-0.016
20539.054071741106,0.536,0.0
20539.054338046313,0.56,-0.016
20539.05460435152,0.544,0.0
20539.054870656728,0.56,-0.016
20539.055136961935,0.552,0.0
20539.055403267146,0.544,-0.016
20539.055669572354,0.544,-0.008
20539.05593587756,0.56,0.0
20539.056202182768,0.544,0.0
20539.05646848798,0.552,-0.008
20539.056734793186,0.544,0.0
20539.057001098394,0.56,-0.008
20539.0572674036,0.544,0.0
20539.057533708812,0.56,-0.008
20539.05780001402,0.544,0.0
20539.058066319227,0.56,-0.016
20539.058332624434,0.552,0.0
20539.058598929645,0.544,-0.008
20539.058865234852,0.544,0.0
20539.05913154006,0.56,-0.008
20539.059397845267,0.544,0.0
20539.059664150478,0.56,-0.008
20539.059930455685,0.544,-0.008
20539.060196760893,0.56,0.0
20539.0604630661,0.544,-0.008
20539.06072937131,0.56,0.0
20539.06099567652,0.552,0.0
20539.061261981726,0.544,-0.008
20539.061528286933,0.544,0.0
20539.06179459214,0.56,-0.008
20539.06206089735,0.544,0.0
20539.06232720256,0.56,-0.008
20539.062593507766,0.544,0.0
20539.062859812973,0.552,-0.008
20539.063126118184,0.544,0.0
20539.06339242339,0.56,-0.016
20539.0636587286,0.544,-0.008
20539.063925033806,0.56,0.0
20539.064191339017,0.544,0.0
20539.064457644225,0.5680000000000001,-0.008
20539.064723949432,0.544,-0.008
20539.06499025464,0.56,0.0
20539.06525655985,0.56,0.0
20539.065522865058,0.544,-0.008
20539.065789170265,0.544,-0.008
20539.066055475472,0.56,0.0
20539.066321780683,0.544,0.0
20539.06658808589,0.56,-0.008
20539.066854391098,0.544,0.0
20539.067120696305,0.56,-0.008
20539.067387001516,0.544,0.0
20539.067653306724,0.56,-0.016
20539.06791961193,0.56,-0.008
20539.068185917138,0.544,0.0
20539.068452222346,0.544,0.0
20539.068718527556,0.56,-0.008
20539.068984832764,0.544,0.0
20539.06925113797,0.56,-0.008
20539.06951744318,0.56,0.0
20539.06978374839,0.536,-0.016
20539.070050053597,0.544,-0.008
20539.070316358804,0.56,0.0
20539.07058266401,0.544,0.0
20539.070848969222,0.56,-0.016
20539.07111527443,0.544,0.0
20539.071381579637,0.56,-0.016
20539.071647884844,0.552,0.0
20539.071914190055,0.544,-0.016
20539.072180495263,0.544,0.0
20539.07244680047,0.552,-0.008
20539.072713105677,0.544,0.0
20539.07297941089,0.56,-0.016
20539.073245716096,0.544,0.0
20539.073512021303,0.552,-0.008
20539.07377832651,0.56,0.0
20539.07404463172,0.544,-0.016
20539.07431093693,0.544,-0.016
20539.074577242136,0.552,0.0
20539.074843547343,0.544,0.0
20539.07510985255,0.56,-0.008
20539.07537615776,0.56,0.0
20539.07564246297,0.544,-0.016
20539.075908768176,0.56,0.0
20539.076175073384,0.536,-0.008
20539.076441378595,0.544,0.0
20539.076707683802,0.56,-0.008
20539.07697398901,0.56,-0.008
20539.077240294217,0.544,0.0
20539.077506599428,0.544,0.0
20539.077772904635,0.56,-0.016
20539.078039209842,0.544,-0.008
20539.07830551505,0.56,0.0
20539.07857182026,0.544,-0.008
20539.078838125468,0.56,0.0
20539.079104430675,0.544,0.0
20539.079370735883,0.56,-0.016
20539.079637041094,0.544,0.0
20539.0799033463,0.56,-0.008
20539.08016965151,0.552,0.0
20539.080435956716,0.544,-0.016
20539.080702261926,0.544,-0.008
20539.080968567134,0.552,0.0
20539.08123487234,0.544,-0.008
20539.08150117755,0.56,0.0
20539.081767482756,0.544,0.0
20539.082033787967,0.56,-0.008
20539.082300093174,0.544,-0.008
20539.08256639838,0.56,0.0
20539.08283270359,0.544,0.0
20539.0830990088,0.56,-0.008
20539.083365314007,0.544,0.0
20539.083631619214,0.56,-0.016
20539.08389792442,0.56,0.0
20539.084164229633,0.544,-0.008
20539.08443053484,0.544,-0.008
20539.084696840047,0.56,0.0
20539.084963145255,0.544,-0.008
20539.085229450466,0.56,0.0
20539.085495755673,0.56,-0.008
20539.08576206088,0.536,0.0
20539.086028366088,0.544,0.0
20539.0862946713,0.56,-0.008
20539.086560976506,0.56,0.0
20539.086827281713,0.544,-0.016
20539.08709358692,0.544,-0.008
20539.08735989213,0.56,0.0
20539.08762619734,0.544,-0.016
20539.087892502546,0.56,0.0
20539.088158807754,0.56,0.0
20539.08842511296,0.544,-0.016
20539.088691418172,0.544,-0.008
20539.08895772338,0.56,0.0
20539.089224028587,0.544,0.0
20539.089490333794,0.56,-0.008
20539.089756639005,0.544,0.0
20539.090022944212,0.552,-0.008
20539.09028924942,0.544,0.0
20539.090555554627,0.56,-0.008
20539.090821859838,0.544,0.0
20539.091088165045,0.56,-0.016
20539.091354470253,0.544,0.0
20539.09162077546,0.56,-0.016
20539.09188708067,0.544,0.0
20539.09215338588,0.56,-0.016
20539.092419691086,0.544,0.0
20539.092685996293,0.56,-0.016
20539.092952301504,0.56,-0.008
20539.09321860671,0.544,0.0
20539.09348491192,0.544,0.0
20539.093751217126,0.56,-0.016
20539.094017522337,0.544,0.0
20539.094283827544,0.56,-0.016
20539.09455013275,0.544,0.0
20539.09481643796,0.56,-0.016
20539.095082743166,0.544,-0.008
20539.095349048377,0.56,0.0
20539.095615353584,0.544,0.0
20539.09588165879,0.56,-0.016
20539.096147964,0.544,0.0
20539.09641426921,0.56,-0.016
20539.096680574417,0.544,0.0
20539.096946879625,0.56,-0.008
20539.097213184832,0.56,-0.008
20539.097479490043,0.544,0.0
20539.09774579525,0.544,0.0
20539.098012100458,0.56,-0.008
20539.098278405665,0.544,0.0
20539.098544710876,0.56,-0.008
20539.098811016083,0.544,0.0
20539.09907732129,0.56,-0.016
20539.099343626498,0.56,-0.016
20539.09960993171,0.544,0.0
20539.099876236916,0.544,-0.008
20539.100142542124,0.56,0.024
20539.10040884733,0.56,0.024
20539.100675152542,0.544,0.128
20539.10094145775,0.56,0.136
20539.101207762957,0.536,0.28800000000000003
20539.101474068164,0.544,0.28
20539.10174037337,0.56,0.36
20539.102006678582,0.544,0.36
20539.10227298379,0.552,0.384
20539.102539288997,0.544,0.384
20539.102805594204,0.56,0.4
20539.103071899415,0.544,0.392
20539.103338204623,0.56,0.4
20539.10360450983,0.544,0.4
20539.103870815037,0.56,0.392
20539.10413712025,0.544,0.392
20539.104403425456,0.56,0.4
20539.104669730663,0.56,0.392
20539.10493603587,0.544,0.40800000000000003
20539.10520234108,0.552,0.392
20539.10546864629,0.544,0.4
20539.105734951496,0.544,0.392
20539.106001256703,0.56,0.4
20539.106267561914,0.544,0.392
20539.10653386712,0.56,0.40800000000000003
20539.10680017233,0.544,0.392
20539.107066477536,0.56,0.40800000000000003
20539.107332782747,0.544,0.392
20539.107599087954,0.56,0.40800000000000003
20539.10786539316,0.544,0.392
20539.10813169837,0.56,0.4
20539.108398003576,0.544,0.392
20539.108664308787,0.56,0.40800000000000003
20539.108930613995,0.544,0.4
20539.109196919202,0.56,0.392
20539.10946322441,0.544,0.392
20539.10972952962,0.56,0.40800000000000003
20539.109995834828,0.544,0.392
20539.110262140035,0.56,0.4
20539.110528445242,0.544,0.392
20539.110794750453,0.56,0.40800000000000003
20539.11106105566,0.544,0.392
20539.111327360868,0.56,0.40800000000000003
20539.111593666075,0.544,0.392
20539.111859971286,0.56,0.4
20539.112126276494,0.56,0.392
20539.1123925817,0.536,0.4
20539.11265888691,0.544,0.392
20539.11292519212,0.56,0.4
20539.113191497327,0.544,0.392
20539.113457802534,0.56,0.40800000000000003
20539.11372410774,0.544,0.40800000000000003
20539.113990412952,0.56,0.392
20539.11425671816,0.536,0.392
20539.114523023367,0.56,0.40800000000000003
20539.114789328574,0.544,0.392
20539.11505563378,0.552,0.40800000000000003
20539.115321938993,0.544,0.392
20539.1155882442,0.56,0.40800000000000003
20539.115854549407,0.56,0.392
20539.116120854615,0.544,0.40800000000000003
20539.116387159826,0.544,0.392
20539.116653465033,0.56,0.4
20539.11691977024,0.56,0.4
20539.117186075448,0.544,0.392
20539.11745238066,0.56,0.40800000000000003
20539.117718685866,0.544,0.392
20539.117984991073,0.544,0.392
20539.11825129628,0.56,0.40800000000000003
20539.11851760149,0.544,0.392
20539.1187839067,0.56,0.4
20539.119050211906,0.544,0.4
20539.119316517113,0.552,0.392
20539.119582822324,0.544,0.392
20539.11984912753,0.56,0.4
20539.12011543274,0.544,0.392
20539.120381737946,0.56,0.40800000000000003
20539.120648043157,0.56,0.392
20539.120914348365,0.544,0.40800000000000003
20539.121180653572,0.544,0.392
20539.12144695878,0.56,0.40800000000000003
20539.121713263987,0.544,0.392
20539.121979569198,0.56,0.40800000000000003
20539.122245874405,0.56,0.40800000000000003
20539.122512179612,0.544,0.392
20539.12277848482,0.56,0.392
20539.12304479003,0.536,0.4
20539.123311095238,0.544,0.392
20539.123577400445,0.56,0.40800000000000003
20539.123843705653,0.544,0.392
20539.124110010864,0.56,0.4
20539.12437631607,0.544,0.392
20539.12464262128,0.56,0.40800000000000003
20539.124908926486,0.56,0.40800000000000003
20539.125175231697,0.544,0.392
20539.125441536904,0.56,0.392
20539.12570784211,0.544,0.40800000000000003
20539.12597414732,0.544,0.392
20539.12624045253,0.56,0.40800000000000003
20539.126506757737,0.544,0.392
20539.126773062944,0.56,0.40800000000000003
20539.12703936815,0.544,0.4
20539.127305673363,0.56,0.392
20539.12757197857,0.544,0.4
20539.127838283777,0.56,0.392
20539.128104588985,0.544,0.392
20539.128370894192,0.56,0.40800000000000003
20539.128637199403,0.544,0.392
20539.12890350461,0.552,0.40800000000000003
20539.129169809818,0.544,0.4
20539.129436115025,0.552,0.392
20539.129702420236,0.544,0.4
20539.129968725443,0.56,0.392
20539.13023503065,0.544,0.392
20539.130501335858,0.56,0.40800000000000003
20539.13076764107,0.544,0.392
20539.131033946276,0.552,0.40800000000000003
20539.131300251483,0.544,0.392
20539.13156655669,0.56,0.40800000000000003
20539.1318328619,0.544,0.40800000000000003
20539.13209916711,0.56,0.392
20539.132365472316,0.544,0.392
20539.132631777524,0.56,0.4
20539.132898082735,0.544,0.392
20539.133164387942,0.56,0.40800000000000003
20539.13343069315,0.56,0.4
20539.133696998357,0.536,0.392
20539.133963303568,0.536,0.392
20539.134229608775,0.56,0.40800000000000003
20539.134495913982,0.544,0.392
20539.13476221919,0.56,0.40800000000000003
20539.135028524397,0.544,0.40800000000000003
20539.135294829608,0.56,0.392
20539.135561134815,0.544,0.4
20539.135827440023,0.56,0.392
20539.13609374523,0.544,0.4
20539.13636005044,0.56,0.392
20539.13662635565,0.544,0.392
20539.136892660856,0.552,0.4
20539.137158966063,0.544,0.392
20539.137425271274,0.552,0.40800000000000003
20539.13769157648,0.56,0.392
20539.13795788169,0.536,0.4
20539.138224186896,0.56,0.392
20539.138490492107,0.544,0.40800000000000003
20539.138756797314,0.552,0.40800000000000003
20539.13902310252,0.536,0.392
20539.13928940773,0.536,0.392
20539.13955571294,0.56,0.4
20539.139822018147,0.544,0.40800000000000003
20539.140088323355,0.56,0.392
20539.140354628562,0.56,0.392
20539.140620933773,0.544,0.40800000000000003
20539.14088723898,0.544,0.392
20539.141153544188,0.56,0.40800000000000003
20539.141419849395,0.544,0.392
20539.141686154602,0.56,0.4
20539.141952459813,0.56,0.392
20539.14221876502,0.544,0.40800000000000003
20539.142485070228,0.544,0.392
20539.142751375435,0.552,0.4
20539.143017680646,0.56,0.392
20539.143283985853,0.544,0.40800000000000003
20539.14355029106,0.544,0.392
20539.143816596268,0.56,0.40800000000000003
20539.14408290148,0.544,0.392
20539.144349206686,0.56,0.40800000000000003
20539.144615511894,0.536,0.392
20539.1448818171,0.56,0.40800000000000003
20539.145148122312,0.544,0.392
20539.14541442752,0.56,0.40800000000000003
20539.145680732727,0.544,0.392
20539.145947037934,0.56,0.4
20539.146213343145,0.544,0.4
20539.146479648352,0.552,0.392
20539.14674595356,0.544,0.4
20539.147012258767,0.552,0.392
20539.147278563978,0.544,0.392
20539.147544869185,0.56,0.4
20539.15281033516,0.544,-0.016
20539.15305573523,0.56,0.0
20539.153301135302,0.544,-0.008
20539.153546535374,0.552,-0.016
20539.153791935445,0.544,-0.016
20539.154037335516,0.552,0.0
20539.154282735588,0.544,-0.008
20539.154528135656,0.56,-0.016
20539.154773535727,0.56,-0.016
20539.1550189358,0.536,0.0
20539.15526433587,0.544,0.0
20539.15550973594,0.552,-0.016
20539.155755136013,0.544,0.0
20539.156000536084,0.552,-0.016
20539.156245936156,0.544,-0.008
20539.156491336227,0.56,-0.016
20539.1567367363,0.544,-0.008
20539.15698213637,0.56,-0.016
20539.15722753644,0.544,-0.016
20539.15747293651,0.56,0.0
20539.15771833658,0.544,-0.008
20539.157963736652,0.56,0.016
20539.158209136724,0.544,0.016
20539.158454536795,0.56,0.136
20539.158699936866,0.544,0.14400000000000002
20539.158945336938,0.552,0.28
20539.15919073701,0.544,0.296
20539.15943613708,0.56,0.36
20539.159681537152,0.536,0.368
20539.159926937224,0.56,0.4
20539.160172337295,0.552,0.392
20539.160417737367,0.544,0.4
20539.160663137434,0.544,0.392
20539.160908537506,0.56,0.40800000000000003
20539.161153937577,0.544,0.4
20539.16139933765,0.552,0.40800000000000003
20539.16164473772,0.544,0.4
20539.16189013779,0.56,0.4
20539.162135537863,0.544,0.4
20539.162380937934,0.56,0.4
20539.162626338006,0.544,0.4
20539.162871738077,0.56,0.4
20539.16311713815,0.544,0.4
20539.16336253822,0.56,0.40800000000000003
20539.163607938288,0.544,0.4
20539.16385333836,0.56,0.40800000000000003
20539.16409873843,0.544,0.4
20539.164344138502,0.56,0.40800000000000003
20539.164589538574,0.544,0.4
20539.164834938645,0.56,0.40800000000000003
20539.165080338717,0.544,0.4
20539.165325738788,0.56,0.40800000000000003
20539.16557113886,0.544,0.4
20539.16581653893,0.56,0.40800000000000003
20539.166061939002,0.544,0.4
20539.166307339074,0.552,0.4
20539.166552739145,0.544,0.4
20539.166798139213,0.56,0.40800000000000003
20539.167043539284,0.544,0.4
20539.167288939356,0.56,0.4
20539.167534339427,0.544,0.4
20539.1677797395,0.56,0.40800000000000003
20539.16802513957,0.544,0.40800000000000003
20539.16827053964,0.56,0.4
20539.168515939713,0.544,0.4
20539.168761339784,0.552,0.40800000000000003
20539.169006739856,0.544,0.4
20539.169252139927,0.56,0.40800000000000003
20539.16949754,0.552,0.4
20539.169742940066,0.536,0.40800000000000003
20539.169988340138,0.544,0.4
20539.17023374021,0.56,0.4
20539.17047914028,0.544,0.4
20539.170724540352,0.56,0.40800000000000003
20539.170969940424,0.544,0.4
20539.171215340495,0.56,0.40800000000000003
20539.171460740567,0.544,0.4
20539.171706140638,0.56,0.40800000000000003
20539.17195154071,0.544,0.4
20539.17219694078,0.56,0.40800000000000003
20539.172442340852,0.544,0.4
20539.172687740924,0.56,0.40800000000000003
20539.17293314099,0.544,0.4
20539.173178541063,0.56,0.40800000000000003
20539.173423941134,0.56,0.4
20539.173669341206,0.544,0.40800000000000003
20539.173914741277,0.544,0.4
20539.17416014135,0.552,0.40800000000000003
20539.17440554142,0.56,0.4
20539.17465094149,0.536,0.40800000000000003
20539.174896341563,0.544,0.4
20539.175141741634,0.56,0.40800000000000003
20539.175387141706,0.544,0.4
20539.175632541777,0.56,0.40800000000000003
20539.175877941845,0.544,0.4
20539.176123341917,0.56,0.40800000000000003
20539.176368741988,0.544,0.4
20539.17661414206,0.56,0.40800000000000003
20539.17685954213,0.56,0.40800000000000003
20539.177104942202,0.544,0.4
20539.177350342274,0.56,0.4
20539.177595742345,0.544,0.40800000000000003
20539.177841142417,0.544,0.4
20539.178086542488,0.56,0.4
20539.17833194256,0.544,0.4
20539.17857734263,0.552,0.4
20539.178822742702,0.544,0.4
20539.17906814277,0.552,0.40800000000000003
20539.17931354284,0.56,0.4
20539.179558942913,0.536,0.40800000000000003
20539.179804342984,0.544,0.4
20539.180049743056,0.56,0.40800000000000003
20539.180295143127,0.544,0.4
20539.1805405432,0.552,0.40800000000000003
20539.18078594327,0.544,0.4
20539.18103134334,0.56,0.40800000000000003
20539.181276743413,0.544,0.4
20539.181522143484,0.56,0.40800000000000003
20539.181767543556,0.544,0.4
20539.182012943624,0.56,0.40800000000000003
20539.182258343695,0.552,0.4
20539.182503743767,0.544,0.40800000000000003
20539.182749143838,0.544,0.4
20539.18299454391,0.56,0.40800000000000003
20539.18323994398,0.544,0.4
20539.183485344052,0.552,0.40800000000000003
20539.183730744124,0.544,0.4
20539.183976144195,0.56,0.40800000000000003
20539.184221544267,0.544,0.4
20539.184466944338,0.56,0.40800000000000003
20539.18471234441,0.544,0.40800000000000003
20539.18495774448,0.56,0.4
20539.18520314455,0.544,0.4
20539.18544854462,0.56,0.40800000000000003
20539.18569394469,0.544,0.4
20539.185939344763,0.56,0.40800000000000003
20539.186184744834,0.544,0.4
20539.186430144906,0.56,0.40800000000000003
20539.186675544977,0.544,0.40800000000000003
20539.18692094505,0.56,0.4
20539.18716634512,0.544,0.4
20539.18741174519,0.56,0.4
20539.187657145263,0.544,0.4
20539.187902545335,0.56,0.4
20539.188147945402,0.544,0.4
20539.188393345474,0.56,0.4
20539.188638745545,0.544,0.4
20539.188884145617,0.552,0.40800000000000003
20539.189129545688,0.56,0.4
20539.18937494576,0.536,0.40800000000000003
20539.18962034583,0.544,0.4
20539.189865745902,0.56,0.40800000000000003
20539.190111145974,0.544,0.4
20539.190356546045,0.56,0.40800000000000003
20539.190601946117,0.544,0.4
20539.190847346188,0.56,0.40800000000000003
20539.19109274626,0.544,0.4
20539.191338146327,0.552,0.4
20539.1915835464,0.544,0.40800000000000003
20539.19182894647,0.56,0.392
20539.19207434654,0.544,0.4
20539.192319746613,0.56,0.392
20539.192565146685,0.544,0.4
20539.192810546756,0.56,0.40800000000000003
20539.193055946827,0.544,0.4
20539.1933013469,0.56,0.40800000000000003
20539.19354674697,0.544,0.4
20539.19379214704,0.552,0.40800000000000003
20539.194037547113,0.552,0.4
20539.19428294718,0.536,0.40800000000000003
20539.194528347252,0.544,0.4
20539.194773747324,0.56,0.40800000000000003
20539.195019147395,0.544,0.4
20539.195264547467,0.56,0.4
20539.195509947538,0.544,0.4
20539.19575534761,0.56,0.40800000000000003
20539.19600074768,0.544,0.40800000000000003
20539.196246147752,0.56,0.456
20539.196491547824,0.544,0.448
20539.196736947895,0.56,0.47200000000000003
20539.196982347967,0.552,0.464
20539.197227748038,0.544,0.44
20539.197473148106,0.544,0.448
20539.197718548177,0.56,0.424
20539.19796394825,0.544,0.432
20539.19820934832,0.56,0.464
20539.19845474839,0.544,0.464
20539.198700148463,0.56,0.448
20539.198945548535,0.56,0.464
20539.199190948606,0.536,0.456
20539.199436348677,0.544,0.47200000000000003
20539.19968174875,0.56,0.424
20539.19992714882,0.544,0.40800000000000003
20539.20017254889,0.56,0.432
20539.20041794896,0.544,0.432
20539.20066334903,0.56,0.4
20539.200908749102,0.544,0.4
20539.201154149174,0.56,0.424
20539.201399549245,0.544,0.424
20539.201644949317,0.56,0.456
20539.201890349388,0.544,0.44
20539.20213574946,0.56,0.464
20539.20238114953,0.544,0.456
20539.202626549602,0.56,0.47200000000000003
20539.202871949674,0.56,0.464
20539.203117349745,0.544,0.448
20539.203362749817,0.544,0.448
20539.203608149885,0.56,0.40800000000000003
20539.203853549956,0.544,0.4
20539.204098950027,0.56,0.424
20539.2043443501,0.544,0.424
20539.20458975017,0.56,0.464
20539.20483515024,0.544,0.464
20539.205080550313,0.56,0.44
20539.205325950385,0.552,0.448
20539.205571350456,0.536,0.40800000000000003
20539.205816750527,0.552,0.40800000000000003
20539.2060621506,0.536,0.44
20539.20630755067,0.544,0.456
20539.206552950738,0.56,0.44
20539.20679835081,0.544,0.424
20539.20704375088,0.56,0.40800000000000003
20539.207289150952,0.544,0.432
20539.207534551024,0.56,0.4
20539.207779951095,0.544,0.4
20539.208025351167,0.552,0.41600000000000004
20539.208270751238,0.544,0.4
20539.20851615131,0.56,0.40800000000000003
20539.20876155138,0.56,0.4
20539.209006951452,0.536,0.40800000000000003
20539.209252351524,0.544,0.4
20539.209497751595,0.552,0.40800000000000003
20539.209743151663,0.544,0.40800000000000003
20539.209988551735,0.56,0.4
20539.210233951806,0.544,0.4
20539.210479351877,0.56,0.40800000000000003
20539.21072475195,0.544,0.4
20539.21097015202,0.56,0.40800000000000003
20539.21121555209,0.544,0.4
20539.211460952163,0.56,0.40800000000000003
20539.211706352235,0.56,0.4
20539.211951752306,0.544,0.40800000000000003
20539.212197152377,0.544,0.4
20539.21244255245,0.56,0.4
20539.212687952517,0.544,0.4
20539.212933352588,0.56,0.4
20539.21317875266,0.544,0.4
20539.21342415273,0.552,0.4
20539.213669552802,0.552,0.4
20539.213914952874,0.536,0.40800000000000003
20539.214160352945,0.536,0.4
20539.214405753017,0.56,0.40800000000000003
20539.21465115309,0.544,0.4
20539.21489655316,0.56,0.40800000000000003
20539.21514195323,0.544,0.4
20539.215387353303,0.56,0.40800000000000003
20539.215632753374,0.544,0.4
20539.21587815344,0.56,0.40800000000000003
20539.216123553513,0.544,0.4
20539.216368953585,0.56,0.4
20539.216614353656,0.544,0.4
20539.216859753727,0.56,0.40800000000000003
20539.2171051538,0.544,0.4
20539.21735055387,0.56,0.4
20539.21759595394,0.544,0.4
20539.217841354013,0.56,0.40800000000000003
20539.218086754085,0.544,0.4
20539.218332154156,0.552,0.40800000000000003
20539.218577554228,0.544,0.40800000000000003
20539.218822954295,0.56,0.384
20539.219068354367,0.544,0.392
20539.21931375444,0.56,0.32
20539.21955915451,0.544,0.312
20539.21980455458,0.56,0.168
20539.220049954652,0.544,0.16
20539.220295354724,0.56,0.056
20539.220540754795,0.544,0.056
20539.220786154867,0.552,0.008
20539.22103155494,0.544,0.016
20539.22127695501,0.56,-0.008
20539.22152235508,0.544,0.0
20539.221767755153,0.552,-0.008
20539.22201315522,0.544,0.0
20539.22225855529,0.56,-0.016
20539.222503955363,0.56,0.0
20539.222749355435,0.544,-0.016
20539.222994755506,0.56,0.0
20539.223240155578,0.544,-0.016
20539.22348555565,0.544,0.0
20539.22373095572,0.56,-0.016
20539.223976355792,0.544,0.0
20539.224221755863,0.56,-0.016
20539.224467155935,0.544,0.0
20539.224712556006,0.56,-0.016
20539.224957956074,0.544,-0.016
20539.225203356145,0.552,0.0
20539.225448756217,0.544,-0.016
20539.22569415629,0.56,0.0
20539.22593955636,0.56,-0.016
20539.22618495643,0.544,0.0
20539.226430356503,0.544,0.0
20539.226675756574,0.56,-0.016
20539.226921156645,0.544,0.0
20539.227166556717,0.56,-0.016
20539.22741195679,0.544,-0.016
20539.22765735686,0.56,0.0
20539.22790275693,0.544,-0.016
20539.228148157,0.56,0.0
20539.22839355707,0.544,-0.016
20539.22863895714,0.5680000000000001,0.0
20539.228884357213,0.56,-0.016
20539.229129757285,0.544,0.0
20539.229375157356,0.56,0.0
20539.229620557428,0.544,-0.016
20539.2298659575,0.544,0.0
20539.23011135757,0.56,-0.016
20539.230356757642,0.544,0.0
20539.230602157713,0.56,-0.016
20539.230847557785,0.544,0.0
20539.231092957853,0.552,-0.016
20539.231338357924,0.544,0.0
20539.231583757995,0.552,-0.016
20539.231829158067,0.544,-0.016
20539.23207455814,0.56,0.0
20539.23231995821,0.544,-0.016
20539.23256535828,0.56,0.0
20539.232810758353,0.544,-0.016
20539.233056158424,0.56,0.0
20539.233301558495,0.544,-0.016
20539.233546958567,0.56,0.0
20539.23379235864,0.544,-0.016
20539.23403775871,0.56,0.0
20539.234283158778,0.544,-0.016
20539.23452855885,0.552,0.0
20539.23477395892,0.544,0.0
20539.235019358992,0.552,-0.016
20539.235264759063,0.56,-0.016
20539.235510159135,0.544,0.0
20539.235755559206,0.544,-0.016
20539.236000959278,0.56,0.0
20539.23624635935,0.56,0.0
20539.23649175942,0.544,-0.016
20539.236737159492,0.56,0.0
20539.236982559563,0.536,-0.016
20539.23722795963,0.544,-0.008
20539.237473359703,0.528,-0.016
20539.237718759774,0.528,-0.016
20539.237964159845,0.504,0.0
20539.238209559917,0.52,0.0
20539.23845495999,0.504,-0.016
20539.23870036006,0.504,0.0
20539.23894576013,0.544,-0.016
20539.239191160203,0.536,0.0
20539.239436560274,0.52,-0.016
20539.239681960345,0.496,0.0
20539.239927360417,0.52,-0.016
20539.24017276049,0.536,-0.016
20539.240418160556,0.512,0.0
20539.240663560628,0.504,-0.016
20539.2409089607,0.52,0.0
20539.24115436077,0.52,-0.016
20539.241399760842,0.504,0.0
20539.241645160913,0.512,-0.008
20539.241890560985,0.496,-0.016
20539.242135961056,0.512,-0.016
20539.242381361128,0.496,0.0
20539.2426267612,0.496,-0.016
20539.24287216127,0.544,0.0
20539.243117561342,0.536,-0.008
20539.24336296141,0.552,-0.016
20539.24360836148,0.536,-0.008
20539.243853761553,0.552,-0.016
20539.244099161624,0.536,-0.016
20539.244344561695,0.552,0.0
20539.244589961767,0.536,-0.016
20539.24483536184,0.552,0.0
20539.24508076191,0.536,-0.016
20539.24532616198,0.552,-0.008
20539.245571562053,0.544,-0.016
20539.245816962124,0.536,0.0
20539.246062362196,0.536,-0.016
20539.246307762267,0.552,0.0
20539.246553162335,0.552,-0.016
20539.246798562406,0.536,-0.008
20539.247043962478,0.536,-0.016
20539.24728936255,0.552,0.0
20539.24753476262,0.552,-0.016
20539.247780162692,0.536,0.0
20539.248025562763,0.536,-0.016
20539.248270962835,0.56,-0.008
20539.248516362906,0.544,-0.016
20539.248761762978,0.56,-0.008
20539.24900716305,0.552,-0.016
20539.24925256312,0.536,0.0
20539.24949796319,0.536,-0.016
20539.24974336326,0.56,0.0
20539.24998876333,0.536,-0.016
20539.250234163403,0.544,-0.008
20539.250479563474,0.536,-0.016
20539.250724963546,0.552,0.0
20539.250970363617,0.544,-0.016
20539.25121576369,0.56,0.0
20539.25146116376,0.552,-0.008
20539.25170656383,0.536,-0.016
20539.251951963903,0.544,-0.016
20539.252197363974,0.56,-0.008
20539.252442764046,0.544,-0.016
20539.252688164113,0.56,-0.008
20539.252933564185,0.544,-0.016
20539.253178964256,0.528,0.0
20539.253424364328,0.536,-0.016
20539.2536697644,0.504,0.0
20539.25391516447,0.536,-0.016
20539.254160564542,0.552,-0.008
20539.254405964613,0.544,-0.016
20539.254651364685,0.56,0.0
20539.254896764756,0.544,0.0
20539.255142164828,0.56,-0.016
20539.2553875649,0.544,-0.016
20539.255632964967,0.552,-0.008
20539.25587836504,0.544,-0.016
20539.25612376511,0.552,0.0
20539.25636916518,0.544,-0.016
20539.256614565253,0.552,0.0
20539.256859965324,0.536,-0.016
20539.257105365396,0.56,0.0
20539.257350765467,0.536,-0.016
20539.25759616554,0.56,0.0
20539.25784156561,0.56,-0.016
20539.25808696568,0.536,-0.008
20539.258332365753,0.544,-0.016
20539.258577765824,0.528,0.0
20539.258823165892,0.544,-0.016
20539.259068565963,0.512,0.0
20539.259313966035,0.52,-0.016
20539.259559366106,0.504,0.0
20539.259804766178,0.496,-0.016
20539.26005016625,0.528,0.0
20539.26029556632,0.512,-0.016
20539.260540966392,0.544,0.0
20539.260786366463,0.52,-0.016
20539.261031766535,0.504,0.0
20539.261277166606,0.504,-0.016
20539.261522566678,0.52,-0.008
20539.261767966746,0.504,0.0
20539.262013366817,0.52,-0.016
20539.26225876689,0.496,-0.016
20539.26250416696,0.52,-0.008
20539.26274956703,0.52,-0.008
20539.262994967103,0.544,-0.016
20539.263240367174,0.536,-0.008
20539.263485767246,0.512,-0.016
20539.263731167317,0.512,-0.016
20539.26397656739,0.536,0.0
20539.26422196746,0.528,-0.016
20539.26446736753,0.544,-0.008
20539.264712767603,0.512,-0.016
20539.26495816767,0.544,-0.008
20539.265203567742,0.536,-0.016
20539.265448967813,0.552,0.0
20539.265694367885,0.536,-0.016
20539.265939767956,0.552,0.0
20539.266185168028,0.536,-0.008
20539.2664305681,0.552,-0.016
20539.26667596817,0.536,-0.008
20539.266921368242,0.56,-0.016
20539.267166768313,0.536,-0.008
20539.267412168385,0.552,-0.016
20539.267657568456,0.536,-0.008
20539.267902968524,0.56,-0.016
20539.268148368596,0.536,-0.016
20539.268393768667,0.552,-0.008
20539.26863916874,0.544,-0.016
20539.26888456881,0.552,0.0
20539.26912996888,0.552,-0.016
20539.269375368953,0.536,-0.008
20539.269620769024,0.544,-0.008
20539.269866169096,0.56,-0.016
20539.270111569167,0.552,-0.016
20539.27035696924,0.544,-0.008
20539.27060236931,0.56,-0.016
20539.27084776938,0.544,0.0
20539.27109316945,0.536,-0.008
20539.27133856952,0.56,-0.016
20539.271583969592,0.56,-0.016
20539.271829369663,0.536,0.0
20539.272074769735,0.536,-0.016
20539.272320169806,0.552,0.0
20539.272565569878,0.544,-0.016
20539.27281096995,0.56,-0.008
20539.27305637002,0.552,-0.008
20539.273301770092,0.536,-0.016
20539.273547170164,0.544,-0.016
20539.273792570235,0.56,0.0
20539.274037970303,0.544,-0.016
20539.274283370374,0.56,0.0
20539.274528770446,0.56,-0.016
20539.274774170517,0.536,-0.008
20539.27501957059,0.56,-0.016
20539.27526497066,0.544,-0.008
20539.27551037073,0.544,-0.016
20539.275755770803,0.56,0.0
20539.276001170874,0.544,-0.016
20539.276246570946,0.56,0.0
20539.276491971017,0.544,-0.016
20539.27673737109,0.56,-0.008
20539.27698277116,0.56,-0.016
20539.277228171228,0.536,0.0
20539.2774735713,0.536,-0.016
20539.27771897137,0.56,0.0
20539.277964371442,0.544,-0.016
20539.278209771514,0.56,0.0
20539.278455171585,0.544,-0.016
20539.278700571656,0.56,0.0
20539.278945971728,0.544,-0.016
20539.2791913718,0.552,-0.008
20539.27943677187,0.544,-0.008
20539.279682171942,0.56,-0.016
20539.279927572014,0.544,-0.016
20539.28017297208,0.56,0.0
20539.280418372153,0.544,-0.008
20539.280663772224,0.552,0.024
20539.280909172296,0.544,0.016
20539.281154572367,0.552,0.128
20539.28139997244,0.536,0.136
20539.28164537251,0.552,0.28800000000000003
20539.28189077258,0.544,0.296
20539.282136172653,0.552,0.368
20539.282381572724,0.56,0.368
20539.282626972796,0.536,0.392
20539.282872372867,0.544,0.392
20539.28311777294,0.56,0.392
20539.283363173006,0.544,0.392
20539.283608573078,0.56,0.40800000000000003
20539.28385397315,0.56,0.4
20539.28409937322,0.544,0.4
20539.284344773292,0.56,0.4
20539.284590173364,0.544,0.40800000000000003
20539.284835573435,0.544,0.40800000000000003
20539.285080973506,0.552,0.4
20539.285326373578,0.544,0.4
20539.28557177365,0.56,0.40800000000000003
20539.28581717372,0.544,0.4
20539.286062573792,0.552,0.40800000000000003
20539.28630797386,0.544,0.4
20539.28655337393,0.56,0.40800000000000003
20539.286798774003,0.544,0.4
20539.287044174074,0.56,0.40800000000000003
20539.287289574146,0.56,0.40800000000000003
20539.287534974217,0.536,0.4
20539.28778037429,0.544,0.40800000000000003
20539.28802577436,0.552,0.4
20539.28827117443,0.544,0.40800000000000003
20539.288516574503,0.56,0.4
20539.288761974574,0.544,0.4
20539.289007374646,0.56,0.40800000000000003
20539.289252774717,0.544,0.4
20539.289498174785,0.56,0.4
20539.289743574856,0.56,0.4
20539.289988974928,0.544,0.4
20539.290234375,0.544,0.4
20539.29047977507,0.56,0.392
20539.290725175142,0.544,0.4
20539.290970575214,0.56,0.40800000000000003
20539.291215975285,0.544,0.4
20539.291461375356,0.56,0.40800000000000003
20539.291706775428,0.56,0.4
20539.2919521755,0.544,0.40800000000000003
20539.29219757557,0.56,0.4
20539.29244297564,0.536,0.40800000000000003
20539.29268837571,0.544,0.4
20539.29293377578,0.56,0.40800000000000003
20539.293179175853,0.56,0.4
20539.293424575924,0.544,0.40800000000000003
20539.293669975996,0.544,0.4
20539.293915376067,0.56,0.40800000000000003
20539.29416077614,0.56,0.40800000000000003
20539.29440617621,0.544,0.4
20539.29465157628,0.544,0.4
20539.294896976353,0.56,0.40800000000000003
20539.295142376424,0.544,0.40800000000000003
20539.295387776496,0.56,0.392
20539.295633176564,0.544,0.40800000000000003
20539.295878576635,0.56,0.4
20539.296123976706,0.544,0.4
20539.296369376778,0.56,0.40800000000000003
20539.29661477685,0.536,0.4
20539.29686017692,0.56,0.40800000000000003
20539.297105576992,0.56,0.4
20539.297350977064,0.536,0.4
20539.297596377135,0.544,0.4
20539.297841777206,0.56,0.40800000000000003
20539.298087177278,0.544,0.4
20539.29833257735,0.56,0.40800000000000003
20539.298577977417,0.544,0.4
20539.29882337749,0.56,0.40800000000000003
20539.29906877756,0.544,0.4
20539.29931417763,0.56,0.40800000000000003
20539.299559577703,0.544,0.40800000000000003
20539.299804977774,0.56,0.4
20539.300050377846,0.544,0.4
20539.300295777917,0.56,0.40800000000000003
20539.30054117799,0.544,0.4
20539.30078657806,0.56,0.40800000000000003
20539.30103197813,0.56,0.4
20539.301277378203,0.544,0.40800000000000003
20539.301522778274,0.544,0.392
20539.301768178342,0.56,0.40800000000000003
20539.302013578414,0.56,0.4
20539.302258978485,0.536,0.4
20539.302504378556,0.544,0.4
20539.302749778628,0.56,0.40800000000000003
20539.3029951787,0.544,0.4
20539.30324057877,0.56,0.40800000000000003
20539.303485978842,0.544,0.4
20539.303731378914,0.56,0.40800000000000003
20539.303976778985,0.56,0.40800000000000003
20539.304222179057,0.544,0.4
20539.304467579128,0.544,0.4
20539.304712979196,0.56,0.4
20539.304958379267,0.544,0.4
20539.30520377934,0.56,0.392
20539.30544917941,0.544,0.4
20539.30569457948,0.56,0.4
20539.305939979553,0.544,0.4
20539.306185379624,0.56,0.40800000000000003
20539.306430779696,0.544,0.40800000000000003
20539.306676179767,0.56,0.4
20539.30692157984,0.544,0.40800000000000003
20539.30716697991,0.56,0.392
20539.30741237998,0.552,0.4
20539.307657780053,0.544,0.40800000000000003
20539.30790318012,0.544,0.4
20539.308148580192,0.552,0.40800000000000003
20539.308393980264,0.544,0.392
20539.308639380335,0.552,0.40800000000000003
20539.308884780407,0.544,0.4
20539.309130180478,0.56,0.392
20539.30937558055,0.56,0.40800000000000003
20539.30962098062,0.544,0.392
20539.309866380692,0.552,0.40800000000000003
20539.310111780764,0.536,0.392
20539.310357180835,0.544,0.4
20539.310602580907,0.56,0.40800000000000003
20539.310847980974,0.56,0.40800000000000003
20539.311093381046,0.544,0.392
20539.311338781117,0.56,0.4
20539.31158418119,0.544,0.40800000000000003
20539.31182958126,0.536,0.4
20539.31207498133,0.56,0.40800000000000003
20539.312320381403,0.56,0.4
20539.312565781474,0.544,0.40800000000000003
20539.312811181546,0.544,0.40800000000000003
20539.313056581617,0.552,0.4
20539.31330198169,0.544,0.4
20539.31354738176,0.56,0.40800000000000003
20539.31379278183,0.544,0.40800000000000003
20539.3140381819,0.56,0.4
20539.31428358197,0.544,0.4
20539.314528982042,0.56,0.4
20539.314774382114,0.544,0.4
20539.315019782185,0.56,0.4
20539.315265182257,0.552,0.4
20539.315510582328,0.544,0.4
20539.3157559824,0.544,0.4
20539.31600138247,0.552,0.40800000000000003
20539.316246782542,0.544,0.4
20539.316492182614,0.56,0.40800000000000003
20539.316737582685,0.56,0.4
20539.316982982753,0.536,0.40800000000000003
20539.317228382824,0.544,0.4
20539.317473782896,0.56,0.40800000000000003
20539.317719182967,0.544,0.40800000000000003
20539.31796458304,0.56,0.4
20539.31820998311,0.544,0.392
20539.31845538318,0.552,0.40800000000000003
20539.318700783253,0.56,0.4
20539.318946183324,0.544,0.40800000000000003
20539.319191583396,0.544,0.4
20539.319436983467,0.56,0.40800000000000003
20539.31968238354,0.544,0.4
20539.31992778361,0.56,0.4
20539.320173183678,0.544,0.40800000000000003
20539.32041858375,0.56,0.392
20539.32066398382,0.544,0.40800000000000003
20539.320909383892,0.528,0.4
20539.321154783964,0.544,0.4
20539.321400184035,0.52,0.40800000000000003
20539.321645584107,0.528,0.4
20539.321890984178,0.504,0.40800000000000003
20539.32213638425,0.504,0.4
20539.32238178432,0.52,0.4
20539.322627184392,0.536,0.4
20539.322872584464,0.504,0.40800000000000003
20539.32311798453,0.496,0.4
20539.323363384603,0.536,0.40800000000000003
20539.323608784674,0.528,0.4
20539.323854184746,0.504,0.40800000000000003
20539.324099584817,0.496,0.4
20539.32434498489,0.52,0.44
20539.32459038496,0.512,0.448
20539.32483578503,0.536,0.41600000000000004
20539.325081185103,0.52,0.424
20539.325326585174,0.496,0.456
20539.325571985246,0.496,0.464
20539.325817385317,0.504,0.44
20539.32606278539,0.496,0.456
20539.326308185457,0.52,0.40800000000000003
20539.326553585528,0.496,0.424
20539.3267989856,0.536,0.4
20539.32704438567,0.512,0.40800000000000003
20539.327289785742,0.496,0.44
20539.327535185814,0.504,0.432
20539.327780585885,0.52,0.47200000000000003
20539.328025985957,0.496,0.47200000000000003
20539.328271386028,0.52,0.456
20539.3285167861,0.496,0.456
20539.32876218617,0.504,0.47200000000000003
20539.329007586242,0.504,0.464
20539.32925298631,0.552,0.432
20539.32949838638,0.552,0.432
20539.329743786453,0.536,0.40800000000000003
20539.329989186524,0.536,0.4
20539.330234586596,0.552,0.432
20539.330479986667,0.536,0.44
20539.33072538674,0.552,0.464
20539.33097078681,0.536,0.47200000000000003
20539.33121618688,0.552,0.40800000000000003
20539.331461586953,0.56,0.41600000000000004
20539.331706987025,0.536,0.4
20539.331952387096,0.536,0.4
20539.332197787167,0.552,0.40800000000000003
20539.332443187235,0.536,0.40800000000000003
20539.332688587307,0.552,0.4
20539.332933987378,0.536,0.40800000000000003
20539.33317938745,0.544,0.4
20539.33342478752,0.536,0.4
20539.333670187592,0.552,0.40800000000000003
20539.333915587664,0.536,0.40800000000000003
20539.334160987735,0.56,0.4
20539.334406387807,0.544,0.4
20539.334651787878,0.552,0.40800000000000003
20539.33489718795,0.536,0.4
20539.33514258802,0.552,0.40800000000000003
20539.33538798809,0.536,0.4
20539.33563338816,0.56,0.40800000000000003
20539.33587878823,0.536,0.4
20539.336124188303,0.552,0.40800000000000003
20539.336369588375,0.536,0.40800000000000003
20539.336614988446,0.552,0.4
20539.336860388517,0.536,0.40800000000000003
20539.33710578859,0.552,0.4
20539.33735118866,0.544,0.4
20539.33759658873,0.56,0.40800000000000003
20539.337841988803,0.552,0.4
20539.338087388875,0.536,0.40800000000000003
20539.338332788946,0.536,0.4
20539.338578189014,0.56,0.40800000000000003
20539.338823589085,0.544,0.4
20539.339068989157,0.56,0.40800000000000003
20539.339314389228,0.544,0.4
20539.3395597893,0.56,0.392
20539.33980518937,0.544,0.4
20539.340050589442,0.552,0.4
20539.340295989514,0.544,0.4
20539.340541389585,0.56,0.4
20539.340786789657,0.544,0.4
20539.341032189728,0.552,0.40800000000000003
20539.3412775898,0.536,0.40800000000000003
20539.341522989867,0.56,0.384
20539.34176838994,0.552,0.384
20539.34201379001,0.544,0.32
20539.34225919008,0.544,0.304
20539.342504590153,0.56,0.168
20539.342749990225,0.552,0.16
20539.342995390296,0.536,0.056
20539.343240790367,0.544,0.056
20539.34348619044,0.56,0.008
20539.34373159051,0.544,0.016
20539.34397699058,0.56,-0.008
20539.344222390653,0.544,0.0
20539.344467790725,0.56,-0.008
20539.344713190792,0.544,0.0
20539.344958590864,0.56,-0.016
20539.345203990935,0.56,-0.016
20539.345449391007,0.544,0.0
20539.345694791078,0.544,-0.016
20539.34594019115,0.56,0.0
20539.34618559122,0.56,-0.016
20539.346430991292,0.536,0.0
20539.346676391364,0.544,-0.016
20539.346921791435,0.56,0.0
20539.347167191507,0.544,0.0
20539.347412591578,0.56,-0.016
20539.347657991646,0.544,0.0
20539.347903391717,0.56,-0.016
20539.34814879179,0.536,0.0
20539.34839419186,0.56,-0.016
20539.34863959193,0.544,0.0
20539.348884992003,0.552,-0.016
20539.349130392075,0.544,0.0
20539.349375792146,0.552,-0.016
20539.349621192217,0.544,-0.016
20539.34986659229,0.56,0.0
20539.35011199236,0.544,0.0
20539.35035739243,0.56,-0.008
20539.350602792503,0.56,0.0
20539.35084819257,0.544,-0.016
20539.351093592642,0.56,0.0
20539.351338992714,0.536,-0.016
20539.351584392785,0.536,0.0
20539.351829792857,0.552,-0.016
20539.352075192928,0.544,-0.016
20539.352320593,0.56,0.0
20539.35256599307,0.544,-0.016
20539.352811393142,0.56,0.0
20539.353056793214,0.536,0.0
20539.353302193285,0.544,-0.016
20539.353547593357,0.544,0.0
20539.353792993425,0.512,-0.016
20539.354038393496,0.512,0.0
20539.354283793567,0.552,-0.016
20539.35452919364,0.56,-0.016
20539.35477459371,0.544,0.0
20539.35501999378,0.544,0.0
20539.355265393853,0.56,-0.016
20539.355510793925,0.552,0.0
20539.355756193996,0.544,-0.016
20539.356001594067,0.536,-0.016
20539.35624699414,0.56,0.0
20539.35649239421,0.536,-0.008
20539.35673779428,0.56,-0.016
20539.35698319435,0.544,0.0
20539.35722859442,0.552,-0.016
20539.357473994492,0.544,-0.008
20539.357719394564,0.56,-0.016
20539.357964794635,0.544,0.0
20539.358210194707,0.552,-0.016
20539.35845559478,0.544,-0.016
20539.35870099485,0.56,0.0
20539.35894639492,0.544,-0.016
20539.359191794993,0.552,0.0
20539.359437195064,0.56,-0.016
20539.359682595135,0.536,0.0
20539.359927995203,0.544,0.0
20539.360173395275,0.552,-0.016
20539.360418795346,0.544,0.0
20539.360664195417,0.56,-0.016
20539.36090959549,0.56,0.0
20539.36115499556,0.536,-0.016
20539.36140039563,0.544,-0.016
20539.361645795703,0.56,0.0
20539.361891195775,0.544,-0.016
20539.362136595846,0.56,0.0
20539.362381995918,0.544,-0.016
20539.36262739599,0.56,0.0
20539.36287279606,0.536,-0.016
20539.36311819613,0.56,0.0
20539.3633635962,0.544,-0.016
20539.36360899627,0.56,0.0
20539.363854396343,0.544,-0.016
20539.364099796414,0.56,0.0
20539.364345196485,0.544,-0.016
20539.364590596557,0.56,0.0
20539.36483599663,0.544,-0.008
20539.3650813967,0.56,-0.016
20539.36532679677,0.544,-0.016
20539.365572196843,0.56,0.0
20539.365817596914,0.552,-0.016
20539.36606299698,0.536,0.0
20539.366308397053,0.544,-0.016
20539.366553797125,0.56,0.0
20539.366799197196,0.544,-0.016
20539.367044597268,0.56,-0.008
20539.36728999734,0.544,-0.016
20539.36753539741,0.56,0.0
20539.367780797482,0.544,-0.016
20539.368026197553,0.56,0.0
20539.368271597625,0.544,-0.008
20539.368516997696,0.56,-0.016
20539.368762397768,0.544,-0.016
20539.36900779784,0.56,0.0
20539.369253197907,0.56,-0.016
20539.36949859798,0.544,0.0
20539.36974399805,0.544,-0.008
20539.36998939812,0.56,-0.016
20539.370234798193,0.544,-0.008
20539.370480198264,0.56,-0.016
20539.370725598335,0.56,-0.016
20539.370970998407,0.536,-0.008
20539.37121639848,0.56,-0.008
20539.37146179855,0.544,-0.016
20539.37170719862,0.544,-0.016
20539.371952598693,0.56,-0.008
20539.37219799876,0.544,-0.016
20539.372443398832,0.56,0.0
20539.372688798903,0.544,-0.016
20539.372934198975,0.56,0.0
20539.373179599046,0.544,-0.016
20539.373424999118,0.552,0.0
20539.37367039919,0.56,-0.016
20539.37391579926,0.544,0.0
20539.374161199332,0.544,-0.008
20539.374406599403,0.552,-0.016
20539.374651999475,0.544,-0.008
20539.374897399546,0.56,-0.016
20539.375142799618,0.544,-0.008
20539.375388199685,0.56,-0.016
20539.375633599757,0.544,-0.008
20539.37587899983,0.56,-0.016
20539.3761243999,0.544,-0.008
20539.37636979997,0.56,-0.016
20539.376615200043,0.544,-0.016
20539.376860600114,0.56,0.0
20539.377106000185,0.544,-0.016
20539.377351400257,0.56,0.0
20539.37759680033,0.544,-0.008
20539.3778422004,0.552,-0.016
20539.37808760047,0.544,-0.016
20539.37833300054,0.56,0.0
20539.37857840061,0.544,-0.016
20539.378823800682,0.56,-0.008
20539.379069200753,0.56,-0.008
20539.379314600825,0.544,-0.016
20539.379560000896,0.544,-0.016
20539.379805400968,0.56,0.0
20539.38005080104,0.544,0.0
20539.38029620111,0.56,-0.016
20539.380541601182,0.56,-0.016
20539.380787001253,0.536,-0.008
20539.381032401325,0.536,-0.008
20539.381277801396,0.56,-0.016
20539.381523201464,0.544,-0.008
20539.381768601535,0.56,-0.016
20539.382014001607,0.56,-0.016
20539.38225940168,0.544,0.0
20539.38250480175,0.544,-0.016
20539.38275020182,0.56,0.0
20539.382995601893,0.544,-0.016
20539.383241001964,0.552,0.0
20539.383486402035,0.544,0.0
20539.383731802107,0.552,-0.016
20539.38397720218,0.544,-0.008
20539.38422260225,0.552,-0.016
20539.384468002318,0.544,-0.016
20539.38471340239,0.56,0.0
20539.38495880246,0.544,-0.016
20539.385204202532,0.552,0.0
20539.385449602603,0.56,-0.008
20539.385695002675,0.536,-0.016
20539.385940402746,0.56,-0.008
20539.386185802818,0.544,-0.016
20539.38643120289,0.544,-0.016
20539.38667660296,0.56,-0.008
20539.386922003032,0.544,-0.016
20539.387167403103,0.552,-0.008
20539.387412803175,0.544,-0.008
20539.387658203243,0.56,-0.016
20539.387903603314,0.544,-0.016
20539.388149003385,0.56,0.0
20539.388394403457,0.544,-0.008
20539.38863980353,0.56,-0.016
20539.3888852036,0.544,-0.008
20539.38913060367,0.56,-0.016
20539.389376003743,0.544,-0.016
20539.389621403814,0.56,0.0
20539.389866803886,0.552,-0.016
20539.390112203957,0.544,0.0
20539.39035760403,0.544,-0.008
20539.390603004096,0.56,-0.016
20539.390848404168,0.544,-0.016
20539.39109380424,0.56,-0.008
20539.39133920431,0.544,-0.008
20539.391584604382,0.56,-0.016
20539.391830004453,0.544,-0.016
20539.392075404525,0.56,-0.008
20539.392320804596,0.56,-0.016
20539.392566204668,0.544,-0.008
20539.39281160474,0.544,-0.016
20539.39305700481,0.552,-0.008
20539.393302404882,0.544,-0.008
20539.393547804953,0.56,-0.016
20539.39379320502,0.56,-0.016
20539.394038605093,0.536,-0.008
20539.394284005164,0.544,-0.016
20539.394529405236,0.56,-0.008
20539.394774805307,0.56,-0.008
20539.39502020538,0.544,-0.016
20539.39526560545,0.56,-0.016
20539.39551100552,0.536,-0.008
20539.395756405593,0.544,-0.008
20539.396001805664,0.552,-0.016
20539.396247205736,0.544,-0.008
20539.396492605807,0.56,-0.016
20539.396738005875,0.544,-0.016
20539.396983405946,0.56,0.0
20539.397228806018,0.56,-0.016
20539.39747420609,0.544,-0.008
20539.39771960616,0.544,-0.008
20539.397965006232,0.56,-0.016
20539.398210406303,0.544,-0.016
20539.398455806375,0.552,-0.008
20539.398701206446,0.544,-0.008
20539.398946606518,0.552,-0.016
20539.39919200659,0.544,-0.008
20539.39943740666,0.56,-0.016
20539.399682806732,0.544,-0.016
20539.3999282068,0.56,-0.008
20539.40017360687,0.536,-0.016
20539.400419006943,0.56,0.0
20539.400664407014,0.552,-0.016
20539.400909807086,0.536,0.0
20539.401155207157,0.544,-0.016
20539.40140060723,0.56,0.0
20539.4016460073,0.544,-0.008
20539.40189140737,0.56,-0.016
20539.402136807443,0.544,-0.016
20539.402382207514,0.56,-0.008
20539.402627607586,0.544,-0.016
20539.402873007653,0.56,0.0
20539.403118407725,0.544,-0.008
20539.403363807796,0.56,0.016
20539.403609207868,0.544,0.016
20539.40385460794,0.56,0.128
20539.40410000801,0.544,0.136
20539.404345408082,0.56,0.28
20539.404590808153,0.544,0.28
20539.404836208225,0.56,0.36
20539.405081608296,0.56,0.368
20539.405327008368,0.536,0.392
20539.40557240844,0.544,0.392
20539.40581780851,0.56,0.40800000000000003
20539.40606320858,0.544,0.4
20539.40630860865,0.56,0.40800000000000003
20539.40655400872,0.544,0.40800000000000003
20539.406799408793,0.56,0.4
20539.407044808864,0.544,0.4
20539.407290208936,0.56,0.40800000000000003
20539.407535609007,0.544,0.4
20539.40778100908,0.56,0.4
20539.40802640915,0.544,0.4
20539.40827180922,0.56,0.4
20539.408517209293,0.544,0.4
20539.408762609364,0.56,0.40800000000000003
20539.409008009432,0.544,0.4
20539.409253409503,0.56,0.40800000000000003
20539.409498809575,0.544,0.40800000000000003
20539.409744209646,0.56,0.4
20539.409989609718,0.552,0.4
20539.41023500979,0.536,0.40800000000000003
20539.41048040986,0.536,0.4
20539.410725809932,0.552,0.40800000000000003
20539.410971210003,0.544,0.4
20539.411216610075,0.56,0.40800000000000003
20539.411462010146,0.544,0.4
20539.411707410218,0.56,0.41600000000000004
20539.41195281029,0.552,0.41600000000000004
20539.412198210357,0.544,0.4
20539.41244361043,0.552,0.41600000000000004
20539.4126890105,0.544,0.4
20539.41293441057,0.544,0.40800000000000003
20539.413179810643,0.56,0.424
20539.413425210714,0.544,0.424
20539.413670610786,0.56,0.4
20539.413916010857,0.544,0.4
20539.41416141093,0.56,0.40800000000000003
20539.414406811,0.544,0.40800000000000003
20539.41465221107,0.56,0.4
20539.414897611143,0.544,0.4
20539.41514301121,0.56,0.40800000000000003
20539.415388411282,0.544,0.4
20539.415633811353,0.56,0.40800000000000003
20539.415879211425,0.544,0.4
20539.416124611496,0.56,0.40800000000000003
20539.416370011568,0.544,0.40800000000000003
20539.41661541164,0.552,0.4
20539.41686081171,0.544,0.4
20539.417106211782,0.56,0.4
20539.417351611854,0.544,0.4
20539.417597011925,0.56,0.4
20539.417842411996,0.544,0.4
20539.418087812068,0.552,0.40800000000000003
20539.418333212136,0.544,0.40800000000000003
20539.418578612207,0.56,0.4
20539.41882401228,0.544,0.4
20539.41906941235,0.56,0.40800000000000003
20539.41931481242,0.544,0.4
20539.419560212493,0.56,0.40800000000000003
20539.419805612564,0.56,0.4
20539.420051012636,0.536,0.40800000000000003
20539.420296412707,0.56,0.40800000000000003
20539.42054181278,0.544,0.4
20539.42078721285,0.544,0.4
20539.42103261292,0.56,0.4
20539.42127801299,0.544,0.4
20539.42152341306,0.56,0.40800000000000003
20539.421768813132,0.536,0.4
20539.422014213204,0.56,0.4
20539.422259613275,0.544,0.4
20539.422505013346,0.56,0.40800000000000003
20539.422750413418,0.544,0.4
20539.42299581349,0.552,0.40800000000000003
20539.42324121356,0.536,0.4
20539.423486613632,0.56,0.40800000000000003
20539.423732013704,0.544,0.4
20539.423977413775,0.56,0.40800000000000003
20539.424222813846,0.544,0.4
20539.424468213914,0.56,0.40800000000000003
20539.424713613986,0.56,0.4
20539.424959014057,0.536,0.4
20539.42520441413,0.536,0.4
20539.4254498142,0.552,0.40800000000000003
20539.42569521427,0.544,0.4
20539.425940614343,0.56,0.40800000000000003
20539.426186014414,0.544,0.4
20539.426431414486,0.552,0.40800000000000003
20539.426676814557,0.544,0.4
20539.42692221463,0.56,0.40800000000000003
20539.4271676147,0.544,0.4
20539.427413014768,0.56,0.40800000000000003
20539.42765841484,0.544,0.4
20539.42790381491,0.56,0.40800000000000003
20539.428149214982,0.544,0.40800000000000003
20539.428394615054,0.56,0.4
20539.428640015125,0.544,0.40800000000000003
20539.428885415196,0.56,0.4
20539.429130815268,0.544,0.4
20539.42937621534,0.56,0.40800000000000003
20539.42962161541,0.544,0.4
20539.429867015482,0.56,0.40800000000000003
20539.430112415554,0.56,0.40800000000000003
20539.430357815625,0.544,0.4
20539.430603215693,0.56,0.4
20539.430848615764,0.536,0.40800000000000003
20539.431094015836,0.544,0.4
20539.431339415907,0.56,0.40800000000000003
20539.43158481598,0.544,0.4
20539.43183021605,0.56,0.40800000000000003
20539.43207561612,0.544,0.4
20539.432321016193,0.56,0.4
20539.432566416264,0.56,0.4
20539.432811816336,0.544,0.40800000000000003
20539.433057216407,0.544,0.4
20539.43330261648,0.56,0.4
20539.433548016546,0.544,0.4
20539.433793416618,0.56,0.40800000000000003
20539.43403881669,0.544,0.4
20539.43428421676,0.56,0.40800000000000003
20539.434529616832,0.56,0.40800000000000003
20539.434775016904,0.536,0.4
20539.435020416975,0.544,0.4
20539.435265817046,0.552,0.40800000000000003
20539.435511217118,0.536,0.4
20539.43575661719,0.552,0.40800000000000003
20539.43600201726,0.544,0.40800000000000003
20539.436247417332,0.552,0.4
20539.436492817404,0.544,0.4
20539.43673821747,0.56,0.40800000000000003
20539.436983617543,0.552,0.4
20539.437229017614,0.544,0.40800000000000003
20539.437474417686,0.56,0.4
20539.437719817757,0.536,0.4
20539.43796521783,0.544,0.4
20539.4382106179,0.528,0.40800000000000003
20539.43845601797,0.528,0.4
20539.438701418043,0.512,0.40800000000000003
20539.438946818114,0.52,0.4
20539.439192218186,0.504,0.40800000000000003
20539.439437618257,0.496,0.4
20539.439683018325,0.52,0.40800000000000003
20539.439928418396,0.496,0.4
20539.440173818468,0.52,0.40800000000000003
20539.44041921854,0.52,0.4
20539.44066461861,0.504,0.40800000000000003
20539.440910018682,0.512,0.40800000000000003
20539.441155418754,0.536,0.4
20539.441400818825,0.544,0.4
20539.441646218896,0.52,0.40800000000000003
20539.441891618968,0.52,0.4
20539.44213701904,0.504,0.4
20539.44238241911,0.512,0.4
20539.442627819182,0.496,0.4
20539.44287321925,0.512,0.4
20539.44311861932,0.536,0.4
20539.443364019393,0.512,0.4
20539.443609419464,0.536,0.40800000000000003
20539.443854819536,0.544,0.4
20539.444100219607,0.528,0.40800000000000003
20539.44434561968,0.544,0.4
20539.44459101975,0.512,0.40800000000000003
20539.44483641982,0.512,0.4
20539.445081819893,0.536,0.40800000000000003
20539.445327219964,0.536,0.4
20539.445572620036,0.52,0.40800000000000003
20539.445818020104,0.52,0.4
20539.446063420175,0.504,0.4
20539.446308820246,0.496,0.4
20539.446554220318,0.504,0.40800000000000003
20539.44679962039,0.496,0.4
20539.44704502046,0.512,0.4
20539.452320814133,0.544,-0.016
20539.452588288983,0.56,0.0
20539.452855763833,0.552,0.0
20539.453123238683,0.544,-0.016
20539.453390713534,0.544,-0.016
20539.453658188384,0.56,0.0
20539.453925663234,0.544,-0.016
20539.454193138085,0.56,0.0
20539.45446061293,0.552,0.0
20539.45472808778,0.536,-0.016
20539.45499556263,0.544,0.0
20539.455263037482,0.56,-0.016
20539.455530512332,0.544,-0.016
20539.455797987182,0.56,0.0
20539.456065462033,0.552,-0.016
20539.456332936883,0.544,0.0
20539.456600411733,0.544,0.0
20539.456867886583,0.56,-0.016
20539.457135361434,0.544,0.0
20539.457402836284,0.56,-0.016
20539.457670311134,0.56,-0.008
20539.457937785985,0.544,0.024
20539.458205260835,0.56,0.032
20539.45847273568,0.536,0.136
20539.45874021053,0.544,0.14400000000000002
20539.459007685382,0.56,0.272
20539.459275160232,0.56,0.28800000000000003
20539.459542635082,0.536,0.352
20539.459810109933,0.56,0.352
20539.460077584783,0.536,0.376
20539.460345059633,0.56,0.376
20539.460612534484,0.544,0.384
20539.460880009334,0.56,0.384
20539.461147484184,0.544,0.384
20539.461414959034,0.544,0.384
20539.461682433885,0.56,0.392
20539.461949908735,0.544,0.384
20539.462217383585,0.56,0.384
20539.46248485843,0.536,0.384
20539.462752333282,0.56,0.384
20539.463019808132,0.544,0.384
20539.463287282982,0.56,0.392
20539.463554757833,0.544,0.384
20539.463822232683,0.552,0.392
20539.464089707533,0.544,0.384
20539.464357182384,0.552,0.384
20539.464624657234,0.544,0.384
20539.464892132084,0.552,0.392
20539.465159606934,0.536,0.384
20539.465427081785,0.56,0.384
20539.465694556635,0.56,0.384
20539.465962031485,0.536,0.392
20539.466229506335,0.544,0.384
20539.466496981182,0.552,0.392
20539.466764456032,0.544,0.392
20539.467031930883,0.56,0.384
20539.467299405733,0.56,0.384
20539.467566880583,0.536,0.392
20539.467834355433,0.544,0.384
20539.468101830284,0.56,0.392
20539.468369305134,0.544,0.384
20539.468636779984,0.56,0.384
20539.468904254834,0.544,0.384
20539.469171729685,0.56,0.384
20539.469439204535,0.544,0.384
20539.469706679385,0.552,0.392
20539.469974154235,0.544,0.384
20539.470241629086,0.56,0.392
20539.470509103932,0.544,0.384
20539.470776578783,0.56,0.384
20539.471044053633,0.552,0.384
20539.471311528483,0.536,0.392
20539.471579003333,0.536,0.384
20539.471846478184,0.56,0.392
20539.472113953034,0.544,0.384
20539.472381427884,0.552,0.392
20539.472648902734,0.552,0.384
20539.472916377585,0.536,0.432
20539.473183852435,0.544,0.424
20539.473451327285,0.56,0.4
20539.473718802135,0.56,0.392
20539.473986276986,0.544,0.41600000000000004
20539.474253751836,0.544,0.424
20539.474521226683,0.552,0.4
20539.474788701533,0.544,0.392
20539.475056176383,0.56,0.4
20539.475323651233,0.544,0.384
20539.475591126084,0.56,0.4
20539.475858600934,0.56,0.392
20539.476126075784,0.536,0.40800000000000003
20539.476393550634,0.544,0.41600000000000004
20539.476661025485,0.56,0.384
20539.476928500335,0.56,0.392
20539.477195975185,0.536,0.384
20539.477463450035,0.552,0.384
20539.477730924886,0.536,0.392
20539.477998399736,0.544,0.384
20539.478265874586,0.552,0.384
20539.478533349433,0.56,0.384
20539.478800824283,0.536,0.392
20539.479068299133,0.544,0.384
20539.479335773984,0.56,0.392
20539.479603248834,0.544,0.384
20539.479870723684,0.56,0.392
20539.480138198534,0.544,0.384
20539.480405673385,0.552,0.384
20539.480673148235,0.544,0.384
20539.480940623085,0.56,0.392
20539.481208097935,0.552,0.384
20539.481475572786,0.536,0.384
20539.481743047636,0.552,0.384
20539.482010522486,0.536,0.392
20539.482277997336,0.544,0.384
20539.482545472183,0.56,0.392
20539.482812947033,0.544,0.384
20539.483080421884,0.552,0.392
20539.483347896734,0.544,0.384
20539.483615371584,0.56,0.392
20539.483882846434,0.56,0.392
20539.484150321285,0.544,0.376
20539.484417796135,0.544,0.384
20539.484685270985,0.56,0.392
20539.484952745835,0.544,0.384
20539.485220220686,0.56,0.392
20539.485487695536,0.544,0.392
20539.485755170386,0.56,0.384
20539.486022645237,0.544,0.384
20539.486290120087,0.56,0.392
20539.486557594933,0.536,0.384
20539.486825069784,0.56,0.392
20539.487092544634,0.544,0.384
20539.487360019484,0.56,0.384
20539.487627494334,0.56,0.384
20539.487894969185,0.544,0.384
20539.488162444035,0.552,0.384
20539.488429918885,0.536,0.384
20539.488697393735,0.544,0.384
20539.488964868586,0.552,0.392
20539.489232343436,0.544,0.384
20539.489499818286,0.56,0.384
20539.489767293137,0.544,0.384
20539.490034767987,0.56,0.384
20539.490302242837,0.544,0.384
20539.490569717684,0.56,0.392
20539.490837192534,0.552,0.392
20539.491104667384,0.536,0.384
20539.491372142234,0.536,0.384
20539.491639617085,0.552,0.384
20539.491907091935,0.536,0.384
20539.492174566785,0.56,0.392
20539.492442041636,0.544,0.384
20539.492709516486,0.56,0.392
20539.492976991336,0.544,0.384
20539.493244466186,0.56,0.384
20539.493511941037,0.552,0.384
20539.493779415887,0.536,0.392
20539.494046890737,0.536,0.384
20539.494314365587,0.56,0.392
20539.494581840434,0.544,0.384
20539.494849315284,0.56,0.392
20539.495116790134,0.544,0.384
20539.495384264985,0.56,0.392
20539.495651739835,0.544,0.384
20539.495919214685,0.552,0.384
20539.496186689536,0.544,0.384
20539.496454164386,0.56,0.384
20539.496721639236,0.552,0.384
20539.496989114086,0.544,0.392
20539.497256588937,0.544,0.384
20539.497524063787,0.56,0.392
20539.497791538637,0.56,0.384
20539.498059013487,0.544,0.384
20539.498326488338,0.536,0.384
20539.498593963184,0.56,0.392
20539.498861438035,0.544,0.384
20539.499128912885,0.552,0.392
20539.499396387735,0.552,0.384
20539.499663862585,0.536,0.392
20539.499931337436,0.544,0.384
20539.500198812286,0.56,0.392
20539.500466287136,0.544,0.384
20539.500733761986,0.56,0.392
20539.501001236837,0.544,0.384
20539.501268711687,0.56,0.384
20539.501536186537,0.544,0.384
20539.501803661387,0.56,0.392
20539.502071136238,0.544,0.384
20539.502338611088,0.56,0.384
20539.502606085935,0.56,0.384
20539.502873560785,0.536,0.392
20539.503141035635,0.544,0.384
20539.503408510485,0.56,0.392
20539.503675985336,0.536,0.384
20539.503943460186,0.56,0.384
20539.504210935036,0.544,0.384
20539.504478409886,0.56,0.392
20539.504745884737,0.544,0.384
20539.505013359587,0.56,0.384
20539.505280834437,0.544,0.384
20539.505548309287,0.56,0.392
20539.505815784138,0.544,0.384
20539.506083258988,0.56,0.392
20539.50635073384,0.544,0.384
20539.506618208685,0.56,0.392
20539.506885683535,0.552,0.384
20539.507153158385,0.544,0.392
20539.507420633236,0.544,0.392
20539.507688108086,0.56,0.384
20539.507955582936,0.56,0.384
20539.508223057786,0.536,0.392
20539.508490532637,0.544,0.384
20539.508758007487,0.56,0.384
20539.509025482337,0.544,0.384
20539.509292957187,0.56,0.392
20539.509560432038,0.544,0.384
20539.509827906888,0.56,0.392
20539.51009538174,0.544,0.384
20539.51036285659,0.56,0.4
20539.510630331435,0.544,0.384
20539.510897806285,0.56,0.40800000000000003
20539.511165281136,0.56,0.40800000000000003
20539.511432755986,0.536,0.44
20539.511700230836,0.544,0.432
20539.511967705686,0.56,0.448
20539.512235180537,0.56,0.44
20539.512502655387,0.544,0.456
20539.512770130237,0.56,0.456
20539.513037605087,0.536,0.432
20539.513305079938,0.544,0.456
20539.513572554788,0.56,0.424
20539.51384002964,0.544,0.44
20539.51410750449,0.56,0.448
20539.51437497934,0.544,0.448
20539.514642454185,0.56,0.424
20539.514909929036,0.544,0.41600000000000004
20539.515177403886,0.552,0.44
20539.515444878736,0.544,0.432
20539.515712353586,0.56,0.456
20539.515979828437,0.56,0.448
20539.516247303287,0.536,0.432
20539.516514778137,0.544,0.456
20539.516782252987,0.56,0.424
20539.517049727838,0.544,0.41600000000000004
20539.517317202688,0.56,0.44
20539.51758467754,0.544,0.44
20539.51785215239,0.56,0.392
20539.51811962724,0.544,0.40800000000000003
20539.51838710209,0.56,0.392
20539.518654576936,0.544,0.40800000000000003
20539.518922051786,0.5680000000000001,0.384
20539.519189526636,0.544,0.392
20539.519457001486,0.56,0.44
20539.519724476337,0.544,0.432
20539.519991951187,0.56,0.4
20539.520259426037,0.544,0.4
20539.520526900887,0.552,0.44
20539.520794375738,0.544,0.432
20539.521061850588,0.552,0.448
20539.52132932544,0.544,0.448
20539.52159680029,0.56,0.432
20539.52186427514,0.544,0.448
20539.52213174999,0.56,0.424
20539.52239922484,0.544,0.424
20539.522666699686,0.56,0.392
20539.522934174536,0.544,0.392
20539.523201649386,0.552,0.4
20539.523469124237,0.544,0.4
20539.523736599087,0.552,0.392
20539.524004073937,0.56,0.4
20539.524271548788,0.536,0.376
20539.524539023638,0.544,0.368
20539.524806498488,0.56,0.304
20539.52507397334,0.552,0.296
20539.52534144819,0.536,0.152
20539.52560892304,0.544,0.14400000000000002
20539.52587639789,0.56,0.048
20539.52614387274,0.544,0.048
20539.52641134759,0.552,0.008
20539.526678822436,0.544,0.008
20539.526946297286,0.56,-0.008
20539.527213772137,0.56,0.0
20539.527481246987,0.536,-0.008
20539.527748721837,0.544,-0.008
20539.528016196688,0.56,0.0
20539.528283671538,0.544,0.0
20539.528551146388,0.56,-0.008
20539.52881862124,0.552,-0.008
20539.52908609609,0.536,0.0
20539.52935357094,0.536,0.0
20539.52962104579,0.56,-0.008
20539.52988852064,0.544,0.0
20539.53015599549,0.56,-0.016
20539.53042347034,0.56,0.0
20539.530690945187,0.544,-0.008
20539.530958420037,0.544,0.0
20539.531225894887,0.56,-0.016
20539.531493369737,0.544,0.0
20539.531760844588,0.56,-0.008
20539.532028319438,0.544,0.0
20539.532295794288,0.552,-0.016
20539.53256326914,0.544,-0.008
20539.53283074399,0.56,0.0
20539.53309821884,0.544,0.0
20539.53336569369,0.56,-0.008
20539.53363316854,0.544,0.0
20539.53390064339,0.56,-0.008
20539.53416811824,0.544,0.0
20539.53443559309,0.56,-0.008
20539.534703067937,0.552,0.0
20539.534970542787,0.536,-0.008
20539.535238017637,0.544,-0.008
20539.535505492488,0.56,0.0
20539.535772967338,0.544,0.0
20539.536040442188,0.56,-0.008
20539.53630791704,0.544,0.0
20539.53657539189,0.56,-0.008
20539.53684286674,0.544,0.0
20539.53711034159,0.56,-0.008
20539.53737781644,0.544,-0.008
20539.53764529129,0.56,0.0
20539.53791276614,0.544,-0.008
20539.53818024099,0.56,0.0
20539.53844771584,0.552,0.0
20539.538715190687,0.544,-0.016
20539.538982665537,0.544,0.0
20539.539250140388,0.56,-0.016
20539.539517615238,0.544,0.0
20539.539785090088,0.56,-0.016
20539.54005256494,0.56,-0.008
20539.54032003979,0.536,0.0
20539.54058751464,0.56,0.0
20539.54085498949,0.536,-0.008
20539.54112246434,0.544,0.0
20539.54138993919,0.552,-0.016
20539.54165741404,0.544,0.0
20539.54192488889,0.56,-0.016
20539.54219236374,0.544,-0.016
20539.54245983859,0.56,0.0
20539.542727313437,0.544,0.0
20539.542994788288,0.56,-0.016
20539.543262263138,0.544,0.0
20539.543529737988,0.56,-0.016
20539.54379721284,0.544,-0.008
20539.54406468769,0.56,0.0
20539.54433216254,0.552,0.0
20539.54459963739,0.536,-0.016
20539.54486711224,0.544,-0.016
20539.54513458709,0.56,0.0
20539.54540206194,0.56,-0.008
20539.54566953679,0.536,0.0
20539.54593701164,0.544,0.0
20539.54620448649,0.56,-0.016
20539.54647196134,0.544,0.0
20539.546739436188,0.56,-0.016
20539.547006911038,0.544,0.0
20539.547274385888,0.56,-0.008
20539.54754186074,0.544,-0.016
20539.54780933559,0.56,0.0
20539.54807681044,0.544,0.0
20539.54834428529,0.552,-0.016
20539.54861176014,0.544,0.0
20539.54887923499,0.552,-0.016
20539.54914670984,0.552,0.0
20539.54941418469,0.536,-0.016
20539.54968165954,0.544,0.0
20539.54994913439,0.56,-0.008
20539.55021660924,0.544,0.0
20539.55048408409,0.56,-0.016
20539.550751558938,0.552,-0.016
20539.551019033788,0.536,0.0
20539.55128650864,0.536,-0.016
20539.55155398349,0.56,0.0
20539.55182145834,0.544,0.0
20539.55208893319,0.56,-0.016
20539.55235640804,0.552,0.0
20539.55262388289,0.536,-0.016
20539.55289135774,0.544,0.0
20539.55315883259,0.56,-0.016
20539.55342630744,0.544,0.0
20539.55369378229,0.552,-0.016
20539.55396125714,0.552,0.0
20539.55422873199,0.536,-0.008
20539.55449620684,0.544,-0.016
20539.55476368169,0.56,0.0
20539.55503115654,0.544,-0.016
20539.55529863139,0.56,0.0
20539.55556610624,0.536,0.0
20539.55583358109,0.552,-0.016
20539.55610105594,0.56,-0.008
20539.55636853079,0.536,0.0
20539.55663600564,0.544,0.0
20539.55690348049,0.56,-0.008
20539.55717095534,0.544,0.0
20539.55743843019,0.56,-0.016
20539.55770590504,0.544,0.0
20539.55797337989,0.56,-0.016
20539.55824085474,0.544,0.0
20539.558508329592,0.552,-0.016
20539.55877580444,0.552,0.0
20539.55904327929,0.544,-0.016
20539.55931075414,0.552,0.0
20539.55957822899,0.536,-0.016
20539.55984570384,0.544,0.0
20539.56011317869,0.56,-0.016
20539.56038065354,0.56,0.0
20539.56064812839,0.536,-0.016
20539.56091560324,0.544,0.0
20539.56118307809,0.56,-0.016
20539.56145055294,0.56,0.0
20539.56171802779,0.536,-0.016
20539.56198550264,0.544,0.0
20539.562252977492,0.552,-0.016
20539.562520452342,0.544,0.0
20539.56278792719,0.56,-0.008
20539.56305540204,0.544,0.0
20539.56332287689,0.56,-0.016
20539.56359035174,0.544,0.0
20539.56385782659,0.56,-0.016
20539.56412530144,0.544,0.0
20539.56439277629,0.56,-0.016
20539.56466025114,0.544,0.0
20539.56492772599,0.552,-0.016
20539.56519520084,0.544,0.0
20539.56546267569,0.56,-0.008
20539.56573015054,0.544,0.0
20539.565997625392,0.56,-0.016
20539.566265100242,0.544,0.0
20539.566532575092,0.56,-0.016
20539.56680004994,0.56,0.0
20539.56706752479,0.536,-0.016
20539.56733499964,0.56,0.0
20539.56760247449,0.544,-0.016
20539.56786994934,0.544,0.0
20539.56813742419,0.56,-0.016
20539.56840489904,0.536,0.0
20539.56867237389,0.56,-0.016
20539.56893984874,0.56,0.0
20539.56920732359,0.536,-0.016
20539.56947479844,0.544,0.0
20539.569742273292,0.56,-0.016
20539.570009748142,0.544,0.0
20539.570277222992,0.56,-0.016
20539.570544697843,0.544,0.0
20539.57081217269,0.56,-0.016
20539.57107964754,0.544,0.0
20539.57134712239,0.56,-0.016
20539.57161459724,0.544,-0.016
20539.57188207209,0.56,0.0
20539.57214954694,0.56,-0.016
20539.57241702179,0.536,0.0
20539.57268449664,0.536,0.0
20539.57295197149,0.56,-0.016
20539.57321944634,0.544,0.0
20539.573486921192,0.552,-0.016
20539.573754396042,0.544,-0.016
20539.574021870892,0.56,0.0
20539.574289345743,0.544,0.0
20539.574556820593,0.56,-0.016
20539.57482429544,0.56,0.0
20539.57509177029,0.536,-0.008
20539.57535924514,0.552,0.0
20539.57562671999,0.536,-0.016
20539.57589419484,0.552,0.0
20539.57616166969,0.536,-0.016
20539.57642914454,0.536,0.0
20539.57669661939,0.512,-0.016
20539.57696409424,0.544,-0.016
20539.577231569092,0.528,0.0
20539.577499043942,0.536,0.0
20539.577766518792,0.512,-0.016
20539.578033993643,0.504,0.0
20539.578301468493,0.528,-0.016
20539.578568943343,0.504,-0.016
20539.57883641819,0.512,0.0
20539.57910389304,0.512,-0.016
20539.57937136789,0.552,0.0
20539.57963884274,0.552,0.0
20539.57990631759,0.536,-0.016
20539.58017379244,0.536,0.0
20539.58044126729,0.552,-0.016
20539.58070874214,0.536,0.0
20539.580976216992,0.552,-0.016
20539.581243691842,0.552,0.0
20539.581511166693,0.536,-0.016
20539.581778641543,0.536,0.0
20539.582046116393,0.56,-0.016
20539.582313591243,0.552,-0.016
20539.582581066094,0.536,0.0
20539.58284854094,0.552,0.0
20539.58311601579,0.536,-0.016
20539.58338349064,0.544,0.0
20539.58365096549,0.56,-0.016
20539.58391844034,0.544,-0.016
20539.58418591519,0.552,0.0
20539.58445339004,0.544,0.0
20539.584720864892,0.56,-0.016
20539.584988339742,0.536,0.0
20539.585255814593,0.56,-0.016
20539.585523289443,0.544,0.0
20539.585790764293,0.552,-0.016
20539.586058239143,0.56,0.0
20539.586325713994,0.536,-0.016
20539.586593188844,0.536,-0.016
20539.58686066369,0.56,0.0
20539.58712813854,0.544,-0.016
20539.58739561339,0.56,0.0
20539.58766308824,0.536,0.0
20539.58793056309,0.56,-0.016
20539.58819803794,0.56,-0.016
20539.588465512792,0.536,0.0
20539.588732987642,0.544,0.0
20539.589000462493,0.56,-0.016
20539.589267937343,0.544,0.0
20539.589535412193,0.552,-0.016
20539.589802887043,0.536,-0.016
20539.590070361894,0.56,0.0
20539.590337836744,0.544,-0.016
20539.590605311594,0.56,0.0
20539.59087278644,0.56,0.0
20539.59114026129,0.536,-0.008
20539.59140773614,0.544,0.0
20539.59167521099,0.56,0.024
20539.59194268584,0.544,0.032
20539.592210160692,0.552,0.128
20539.592477635542,0.544,0.136
20539.592745110393,0.56,0.272
20539.593012585243,0.544,0.28800000000000003
20539.593280060093,0.552,0.352
20539.593547534943,0.536,0.352
20539.593815009794,0.56,0.376
20539.594082484644,0.544,0.376
20539.594349959494,0.56,0.392
20539.594617434344,0.536,0.384
20539.59488490919,0.56,0.392
20539.59515238404,0.56,0.392
20539.59541985889,0.544,0.384
20539.59568733374,0.544,0.384
20539.595954808592,0.552,0.4
20539.596222283442,0.544,0.4
20539.596489758293,0.56,0.432
20539.596757233143,0.544,0.392
20539.597024707993,0.56,0.40800000000000003
20539.597292182843,0.56,0.4
20539.597559657694,0.544,0.432
20539.597827132544,0.544,0.41600000000000004
20539.598094607394,0.56,0.384
20539.598362082244,0.544,0.392
20539.598629557095,0.552,0.384
20539.59889703194,0.536,0.384
20539.59916450679,0.56,0.392
20539.599431981642,0.544,0.384
20539.599699456492,0.552,0.384
20539.599966931342,0.544,0.384
20539.600234406193,0.56,0.392
20539.600501881043,0.536,0.384
20539.600769355893,0.56,0.392
20539.601036830743,0.56,0.384
20539.601304305594,0.544,0.392
20539.601571780444,0.552,0.384
20539.601839255294,0.544,0.392
20539.602106730144,0.544,0.384
20539.602374204995,0.56,0.392
20539.602641679845,0.552,0.384
20539.60290915469,0.536,0.392
20539.603176629542,0.544,0.384
20539.603444104392,0.552,0.384
20539.603711579242,0.544,0.384
20539.603979054093,0.552,0.392
20539.604246528943,0.544,0.384
20539.604514003793,0.56,0.384
20539.604781478643,0.544,0.384
20539.605048953494,0.552,0.392
20539.605316428344,0.56,0.392
20539.605583903194,0.536,0.384
20539.605851378044,0.536,0.384
20539.606118852895,0.56,0.392
20539.606386327745,0.544,0.384
20539.606653802595,0.56,0.392
20539.606921277442,0.552,0.384
20539.607188752292,0.544,0.384
20539.607456227142,0.544,0.384
20539.607723701993,0.56,0.384
20539.607991176843,0.544,0.384
20539.608258651693,0.552,0.384
20539.608526126543,0.552,0.384
20539.608793601394,0.528,0.392
20539.609061076244,0.536,0.384
20539.609328551094,0.504,0.384
20539.609596025944,0.52,0.384
20539.609863500795,0.496,0.392
20539.610130975645,0.52,0.384
20539.610398450495,0.496,0.384
20539.610665925346,0.496,0.384
20539.610933400192,0.512,0.392
20539.611200875042,0.512,0.384
20539.611468349893,0.496,0.392
20539.611735824743,0.512,0.384
20539.612003299593,0.496,0.384
20539.612270774443,0.496,0.384
20539.612538249294,0.512,0.392
20539.612805724144,0.496,0.384
20539.613073198994,0.52,0.384
20539.613340673845,0.512,0.384
20539.613608148695,0.496,0.392
20539.613875623545,0.496,0.384
20539.614143098395,0.528,0.392
20539.614410573246,0.496,0.384
20539.614678048096,0.528,0.392
20539.614945522942,0.496,0.384
20539.615212997793,0.52,0.392
20539.615480472643,0.504,0.384
20539.615747947493,0.536,0.392
20539.616015422343,0.528,0.384
20539.616282897194,0.544,0.384
20539.616550372044,0.536,0.384
20539.616817846894,0.552,0.384
20539.617085321745,0.536,0.384
20539.617352796595,0.552,0.392
20539.617620271445,0.552,0.392
20539.617887746295,0.536,0.376
20539.618155221146,0.552,0.384
20539.618422695996,0.536,0.392
20539.618690170846,0.536,0.384
20539.618957645693,0.552,0.392
20539.619225120543,0.536,0.384
20539.619492595393,0.552,0.384
20539.619760070244,0.536,0.384
20539.620027545094,0.56,0.392
20539.620295019944,0.552,0.384
20539.620562494794,0.536,0.392
20539.620829969645,0.536,0.384
20539.621097444495,0.552,0.392
20539.621364919345,0.544,0.384
20539.621632394195,0.536,0.392
20539.621899869046,0.536,0.384
20539.622167343896,0.552,0.392
20539.622434818746,0.536,0.384
20539.622702293596,0.552,0.392
20539.622969768443,0.536,0.384
20539.623237243293,0.552,0.392
20539.623504718144,0.536,0.384
20539.623772192994,0.552,0.392
20539.624039667844,0.552,0.384
20539.624307142694,0.536,0.392
20539.624574617545,0.536,0.384
20539.624842092395,0.56,0.392
20539.625109567245,0.552,0.384
20539.625377042095,0.536,0.392
20539.625644516946,0.536,0.384
20539.625911991796,0.56,0.392
20539.626179466646,0.536,0.384
20539.626446941496,0.56,0.384
20539.626714416347,0.56,0.384
20539.626981891193,0.536,0.384
20539.627249366044,0.56,0.384
20539.627516840894,0.536,0.384
20539.627784315744,0.536,0.384
20539.628051790594,0.552,0.392
20539.628319265445,0.536,0.384
20539.628586740295,0.552,0.384
20539.628854215145,0.536,0.384
20539.629121689995,0.56,0.392
20539.629389164846,0.552,0.384
20539.629656639696,0.544,0.392
20539.629924114546,0.544,0.384
20539.630191589396,0.56,0.392
20539.630459064247,0.552,0.384
20539.630726539097,0.544,0.384
20539.630994013944,0.536,0.384
20539.631261488794,0.56,0.392
20539.631528963644,0.544,0.384
20539.631796438494,0.56,0.384
20539.632063913345,0.552,0.384
20539.632331388195,0.536,0.392
20539.632598863045,0.544,0.384
20539.632866337895,0.552,0.392
20539.633133812746,0.544,0.384
20539.633401287596,0.552,0.392
20539.633668762446,0.536,0.384
20539.633936237296,0.56,0.392
20539.634203712147,0.544,0.384
20539.634471186997,0.552,0.384
20539.634738661847,0.544,0.384
20539.635006136694,0.552,0.384
20539.635273611544,0.544,0.384
20539.635541086394,0.56,0.384
20539.635808561245,0.544,0.384
20539.636076036095,0.56,0.392
20539.636343510945,0.536,0.384
20539.636610985795,0.56,0.384
20539.636878460646,0.544,0.384
20539.637145935496,0.56,0.384
20539.637413410346,0.544,0.392
20539.637680885196,0.56,0.384
20539.637948360047,0.544,0.384
20539.638215834897,0.552,0.392
20539.638483309747,0.544,0.384
20539.638750784598,0.56,0.392
20539.639018259444,0.56,0.392
20539.639285734294,0.536,0.376
20539.639553209145,0.544,0.384
20539.639820683995,0.56,0.392
20539.640088158845,0.544,0.384
20539.640355633695,0.56,0.384
20539.640623108546,0.544,0.384
20539.640890583396,0.552,0.392
20539.641158058246,0.544,0.384
20539.641425533096,0.56,0.392
20539.641693007947,0.56,0.384
20539.641960482797,0.536,0.392
20539.642227957647,0.544,0.384
20539.642495432498,0.56,0.392
20539.642762907348,0.536,0.384
20539.643030382194,0.56,0.384
20539.643297857045,0.56,0.384
20539.643565331895,0.536,0.392
20539.643832806745,0.544,0.384
20539.644100281595,0.56,0.384
20539.644367756446,0.544,0.384
20539.644635231296,0.552,0.392
20539.644902706146,0.56,0.384
20539.645170180997,0.536,0.392
20539.645437655847,0.544,0.384
20539.645705130697,0.56,0.392
20539.645972605547,0.536,0.384
20539.646240080398,0.552,0.392
20539.646507555248,0.544,0.384
20539.646775030098,0.56,0.384
20539.647042504945,0.552,0.384
20539.647309979795,0.536,0.392
20539.647577454645,0.536,0.384
20539.647844929495,0.56,0.392
20539.648112404346,0.544,0.392
20539.648379879196,0.56,0.384
20539.648647354046,0.536,0.384
20539.648914828897,0.552,0.384
20539.649182303747,0.544,0.384
20539.649449778597,0.552,0.392
20539.649717253447,0.544,0.384
20539.649984728298,0.552,0.392
20539.650252203148,0.544,0.384
20539.650519677998,0.56,0.392
20539.65078715285,0.544,0.392
20539.651054627695,0.56,0.384
20539.651322102545,0.56,0.384
20539.651589577395,0.544,0.392
20539.651857052246,0.544,0.384
20539.652124527096,0.56,0.392
20539.652392001946,0.552,0.384
20539.652659476797,0.536,0.392
20539.652926951647,0.544,0.384
20539.653194426497,0.56,0.392
20539.653461901347,0.544,0.384
20539.653729376198,0.552,0.384
20539.653996851048,0.544,0.384
20539.654264325898,0.56,0.384
20539.65453180075,0.56,0.384
20539.6547992756,0.536,0.384
20539.655066750445,0.544,0.384
20539.655334225296,0.56,0.392
20539.655601700146,0.544,0.384
20539.655869174996,0.56,0.384
20539.656136649846,0.544,0.384
20539.656404124697,0.552,0.384
20539.656671599547,0.56,0.384
20539.656939074397,0.536,0.392
20539.657206549247,0.56,0.384
20539.657474024098,0.544,0.392
20539.657741498948,0.56,0.384
20539.658008973798,0.536,0.368
20539.65827644865,0.544,0.368
20539.6585439235,0.56,0.296
20539.65881139835,0.552,0.296
20539.659078873196,0.536,0.152
20539.659346348046,0.544,0.14400000000000002
20539.659613822896,0.552,0.048
20539.659881297746,0.544,0.04
20539.660148772597,0.552,0.016
20539.660416247447,0.552,0.016
20539.660683722297,0.544,-0.008
20539.660951197147,0.544,0.0
20539.661218671998,0.552,-0.008
20539.661486146848,0.56,0.0
20539.661753621698,0.536,-0.008
20539.66202109655,0.536,-0.008
20539.6622885714,0.56,0.0
20539.66255604625,0.544,0.0
20539.6628235211,0.56,-0.008
20539.663090995946,0.536,0.0
20539.663358470796,0.56,-0.008
20539.663625945646,0.544,0.0
20539.663893420497,0.552,-0.008
20539.664160895347,0.544,0.0
20539.664428370197,0.56,-0.008
20539.664695845047,0.56,0.0
20539.664963319898,0.544,-0.008
20539.665230794748,0.544,0.0
20539.665498269598,0.56,-0.008
20539.66576574445,0.56,0.0
20539.6660332193,0.544,-0.008
20539.66630069415,0.56,0.0
20539.666568169,0.544,-0.008
20539.66683564385,0.56,0.0
20539.667103118696,0.536,-0.008
20539.667370593546,0.552,-0.008
20539.667638068397,0.536,0.0
20539.667905543247,0.544,0.0
20539.668173018097,0.56,-0.008
20539.668440492947,0.536,0.0
20539.668707967798,0.56,-0.016
20539.668975442648,0.56,0.0
20539.6692429175,0.536,-0.008
20539.66951039235,0.544,-0.008
20539.6697778672,0.56,0.0
20539.67004534205,0.552,0.0
20539.6703128169,0.544,-0.008
20539.67058029175,0.544,0.0
20539.6708477666,0.56,-0.016
20539.671115241446,0.544,-0.016
20539.671382716297,0.552,0.0
20539.671650191147,0.544,0.0
20539.671917665997,0.56,-0.016
20539.672185140847,0.544,-0.016
20539.672452615698,0.56,0.0
20539.672720090548,0.544,0.0
20539.6729875654,0.56,-0.016
20539.67325504025,0.544,0.0
20539.6735225151,0.552,-0.016
20539.67378998995,0.56,0.0
20539.6740574648,0.536,-0.008
20539.67432493965,0.544,0.0
20539.6745924145,0.552,-0.016
20539.67485988935,0.544,0.0
20539.675127364197,0.56,-0.008
20539.675394839047,0.544,-0.008
20539.675662313897,0.56,0.0
20539.675929788747,0.544,0.0
20539.676197263598,0.552,-0.016
20539.676464738448,0.544,0.0
20539.6767322133,0.552,-0.008
20539.67699968815,0.544,0.0
20539.677267163,0.56,-0.016
20539.67753463785,0.536,0.0
20539.6778021127,0.56,-0.016
20539.67806958755,0.544,-0.016
20539.6783370624,0.56,0.0
20539.67860453725,0.544,0.0
20539.6788720121,0.56,-0.016
20539.679139486947,0.56,0.0
20539.679406961797,0.536,-0.016
20539.679674436647,0.544,0.0
20539.679941911498,0.56,-0.008
20539.680209386348,0.544,0.0
20539.6804768612,0.56,-0.008
20539.68074433605,0.544,-0.016
20539.6810118109,0.56,0.0
20539.68127928575,0.536,0.0
20539.6815467606,0.552,-0.016
20539.68181423545,0.544,0.0
20539.6820817103,0.56,-0.016
20539.68234918515,0.536,0.0
20539.68261666,0.56,-0.008
20539.68288413485,0.544,0.0
20539.683151609697,0.56,-0.016
20539.683419084547,0.544,0.0
20539.683686559398,0.552,-0.016
20539.683954034248,0.544,0.0
20539.6842215091,0.552,-0.016
20539.68448898395,0.56,-0.008
20539.6847564588,0.536,0.0
20539.68502393365,0.56,0.0
20539.6852914085,0.544,-0.016
20539.68555888335,0.544,0.0
20539.6858263582,0.56,-0.016
20539.68609383305,0.544,0.0
20539.6863613079,0.56,-0.016
20539.68662878275,0.544,0.0
20539.6868962576,0.552,-0.016
20539.687163732448,0.544,-0.016
20539.687431207298,0.552,0.0
20539.687698682148,0.544,0.0
20539.687966157,0.56,-0.016
20539.68823363185,0.544,0.0
20539.6885011067,0.56,-0.016
20539.68876858155,0.544,0.0
20539.6890360564,0.56,-0.016
20539.68930353125,0.544,-0.016
20539.6895710061,0.552,0.0
20539.68983848095,0.56,0.0
20539.6901059558,0.536,-0.016
20539.69037343065,0.56,0.0
20539.6906409055,0.544,-0.016
20539.69090838035,0.544,0.0
20539.691175855198,0.56,-0.016
20539.691443330048,0.544,-0.016
20539.6917108049,0.56,0.0
20539.69197827975,0.544,-0.016
20539.6922457546,0.56,0.0
20539.69251322945,0.544,-0.016
20539.6927807043,0.552,0.0
20539.69304817915,0.544,0.0
20539.693315654,0.56,-0.016
20539.69358312885,0.544,0.0
20539.6938506037,0.56,-0.016
20539.69411807855,0.544,0.0
20539.6943855534,0.56,-0.016
20539.69465302825,0.536,0.0
20539.6949205031,0.56,-0.016
20539.695187977948,0.552,0.0
20539.6954554528,0.536,-0.016
20539.69572292765,0.544,0.0
20539.6959904025,0.552,-0.016
20539.69625787735,0.544,0.0
20539.6965253522,0.56,-0.016
20539.69679282705,0.544,-0.016
20539.6970603019,0.552,0.0
20539.69732777675,0.552,-0.016
20539.6975952516,0.536,0.0
20539.69786272645,0.536,0.0
20539.6981302013,0.56,-0.016
20539.69839767615,0.536,0.0
20539.698665151,0.56,-0.016
20539.69893262585,0.544,-0.016
20539.6992001007,0.56,0.0
20539.69946757555,0.544,0.0
20539.6997350504,0.56,-0.016
20539.70000252525,0.544,-0.016
20539.7002700001,0.56,0.0
20539.70053747495,0.552,-0.016
20539.7008049498,0.536,0.0
20539.70107242465,0.544,-0.016
20539.7013398995,0.56,0.0
20539.70160737435,0.56,0.0
20539.7018748492,0.544,-0.016
20539.70214232405,0.544,0.0
20539.7024097989,0.56,-0.016
20539.70267727375,0.544,0.0
20539.702944748602,0.56,-0.016
20539.70321222345,0.56,-0.016
20539.7034796983,0.544,0.0
20539.70374717315,0.536,0.0
20539.704014648,0.552,-0.016
20539.70428212285,0.544,0.0
20539.7045495977,0.56,-0.016
20539.70481707255,0.544,0.0
20539.7050845474,0.552,-0.016
20539.70535202225,0.544,-0.016
20539.7056194971,0.56,0.0
20539.70588697195,0.56,0.0
20539.7061544468,0.536,-0.016
20539.70642192165,0.56,0.0
20539.706689396502,0.536,-0.016
20539.706956871352,0.552,0.0
20539.7072243462,0.544,-0.016
20539.70749182105,0.544,0.0
20539.7077592959,0.56,-0.008
20539.70802677075,0.552,-0.008
20539.7082942456,0.544,0.0
20539.70856172045,0.544,0.0
20539.7088291953,0.56,-0.016
20539.70909667015,0.536,0.0
20539.709364145,0.56,-0.016
20539.70963161985,0.544,-0.016
20539.7098990947,0.528,0.0
20539.71016656955,0.544,-0.016
20539.710434044402,0.528,0.0
20539.710701519252,0.544,-0.016
20539.710968994103,0.512,0.0
20539.71123646895,0.512,0.0
20539.7115039438,0.544,-0.016
20539.71177141865,0.536,-0.016
20539.7120388935,0.504,0.0
20539.71230636835,0.504,0.0
20539.7125738432,0.544,-0.016
20539.71284131805,0.528,0.0
20539.7131087929,0.544,-0.016
20539.71337626775,0.544,0.0
20539.7136437426,0.512,-0.016
20539.713911217452,0.512,-0.016
20539.714178692302,0.552,0.0
20539.714446167152,0.544,-0.016
20539.714713642003,0.552,0.0
20539.714981116853,0.552,-0.016
20539.7152485917,0.536,0.0
20539.71551606655,0.544,0.0
20539.7157835414,0.552,-0.016
20539.71605101625,0.544,-0.008
20539.7163184911,0.552,0.0
20539.71658596595,0.544,0.0
20539.7168534408,0.56,-0.016
20539.71712091565,0.552,0.0
20539.7173883905,0.536,-0.016
20539.717655865352,0.544,0.0
20539.717923340202,0.552,-0.016
20539.718190815052,0.552,0.0
20539.718458289903,0.544,-0.016
20539.718725764753,0.544,-0.016
20539.718993239603,0.552,0.0
20539.71926071445,0.56,-0.016
20539.7195281893,0.536,0.0
20539.71979566415,0.544,0.0
20539.720063139,0.552,-0.016
20539.72033061385,0.544,0.0
20539.7205980887,0.56,-0.016
20539.72086556355,0.544,-0.016
20539.7211330384,0.56,0.0
20539.721400513252,0.544,-0.016
20539.721667988102,0.56,0.0
20539.721935462952,0.552,0.0
20539.722202937803,0.536,-0.016
20539.722470412653,0.544,0.0
20539.722737887503,0.56,-0.016
20539.723005362353,0.544,0.0
20539.7232728372,0.56,-0.016
20539.72354031205,0.536,-0.016
20539.7238077869,0.552,0.0
20539.72407526175,0.544,0.0
20539.7243427366,0.56,-0.016
20539.72461021145,0.536,0.0
20539.7248776863,0.552,-0.016
20539.725145161152,0.536,-0.008
20539.725412636002,0.56,0.024
20539.725680110852,0.544,0.024
20539.725947585703,0.552,0.128
20539.726215060553,0.544,0.136
20539.726482535403,0.56,0.272
20539.726750010253,0.544,0.28800000000000003
20539.727017485104,0.56,0.352
20539.72728495995,0.536,0.352
20539.7275524348,0.56,0.376
20539.72781990965,0.536,0.376
20539.7280873845,0.56,0.384
20539.72835485935,0.544,0.384
20539.7286223342,0.56,0.384
20539.728889809052,0.544,0.384
20539.729157283902,0.56,0.392
20539.729424758752,0.544,0.384
20539.729692233603,0.56,0.392
20539.729959708453,0.552,0.384
20539.730227183303,0.536,0.392
20539.730494658153,0.544,0.384
20539.730762133004,0.56,0.384
20539.731029607854,0.544,0.384
20539.7312970827,0.56,0.392
20539.73156455755,0.544,0.384
20539.7318320324,0.56,0.384
20539.73209950725,0.544,0.384
20539.7323669821,0.552,0.392
20539.732634456952,0.552,0.392
20539.732901931802,0.536,0.384
20539.733169406652,0.544,0.384
20539.733436881503,0.56,0.392
20539.733704356353,0.544,0.384
20539.733971831203,0.56,0.392
20539.734239306053,0.552,0.384
20539.734506780904,0.536,0.392
20539.734774255754,0.544,0.384
20539.735041730604,0.56,0.392
20539.73530920545,0.544,0.384
20539.7355766803,0.56,0.392
20539.73584415515,0.544,0.392
20539.73611163,0.56,0.384
20539.736379104852,0.56,0.384
20539.736646579702,0.528,0.392
20539.736914054552,0.528,0.384
20539.737181529403,0.544,0.392
20539.737449004253,0.528,0.384
20539.737716479103,0.496,0.384
20539.737983953954,0.496,0.384
20539.738251428804,0.528,0.384
20539.738518903654,0.496,0.384
20539.738786378504,0.512,0.384
20539.739053853355,0.496,0.384
20539.7393213282,0.512,0.392
20539.73958880305,0.496,0.384
20539.7398562779,0.528,0.384
20539.740123752752,0.496,0.384
20539.740391227602,0.552,0.384
20539.740658702452,0.536,0.384
20539.740926177303,0.552,0.392
20539.741193652153,0.536,0.384
20539.741461127003,0.552,0.392
20539.741728601854,0.536,0.384
20539.741996076704,0.552,0.384
20539.742263551554,0.536,0.384
20539.742531026404,0.552,0.392
20539.742798501255,0.552,0.392
20539.743065976105,0.536,0.384
20539.74333345095,0.552,0.384
20539.7436009258,0.536,0.384
20539.743868400652,0.552,0.384
20539.744135875502,0.536,0.392
20539.744403350353,0.552,0.384
20539.744670825203,0.536,0.392
20539.744938300053,0.544,0.384
20539.745205774903,0.552,0.392
20539.745473249754,0.552,0.384
20539.745740724604,0.536,0.392
20539.746008199454,0.536,0.384
20539.746275674304,0.552,0.384
20539.746543149155,0.536,0.384
20539.746810624005,0.56,0.40800000000000003
20539.747078098855,0.56,0.40800000000000003
20539.7473455737,0.544,0.384
20539.747613048552,0.552,0.392
20539.747880523402,0.536,0.384
20539.748147998253,0.544,0.384
20539.748415473103,0.552,0.384
20539.748682947953,0.56,0.384
20539.748950422803,0.536,0.392
20539.749217897654,0.536,0.384
20539.749485372504,0.552,0.392
20539.749752847354,0.544,0.384
20539.750020322204,0.56,0.392
20539.750287797055,0.544,0.384
20539.750555271905,0.56,0.392
20539.750822746755,0.544,0.384
20539.751090221605,0.56,0.392
20539.751357696452,0.544,0.384
20539.751625171302,0.56,0.376
20539.751892646153,0.552,0.384
20539.752160121003,0.536,0.392
20539.752427595853,0.536,0.384
20539.752695070703,0.552,0.384
20539.752962545554,0.544,0.384
20539.753230020404,0.56,0.392
20539.753497495254,0.544,0.384
20539.753764970104,0.56,0.392
20539.754032444955,0.552,0.384
20539.754299919805,0.536,0.384
20539.754567394655,0.56,0.384
20539.754834869505,0.536,0.392
20539.755102344356,0.536,0.384
20539.755369819202,0.56,0.384
20539.755637294053,0.544,0.384
20539.755904768903,0.56,0.384
20539.756172243753,0.552,0.384
20539.756439718603,0.536,0.392
20539.756707193454,0.536,0.392
20539.756974668304,0.552,0.376
20539.757242143154,0.552,0.384
20539.757509618004,0.536,0.392
20539.757777092855,0.552,0.384
20539.758044567705,0.536,0.384
20539.758312042555,0.56,0.384
20539.758579517405,0.544,0.392
20539.758846992256,0.544,0.384
20539.759114467106,0.56,0.384
20539.759381941953,0.552,0.384
20539.759649416803,0.536,0.392
20539.759916891653,0.552,0.384
20539.760184366503,0.536,0.392
20539.760451841354,0.544,0.384
20539.760719316204,0.56,0.392
20539.760986791054,0.544,0.392
20539.761254265904,0.552,0.384
20539.761521740755,0.544,0.384
20539.761789215605,0.552,0.392
20539.762056690455,0.544,0.384
20539.762324165305,0.56,0.392
20539.762591640156,0.544,0.384
20539.762859115006,0.56,0.392
20539.763126589856,0.544,0.392
20539.763394064703,0.56,0.384
20539.763661539553,0.544,0.384
20539.763929014403,0.56,0.392
20539.764196489254,0.544,0.392
20539.764463964104,0.552,0.384
20539.764731438954,0.56,0.384
20539.764998913804,0.536,0.384
20539.765266388655,0.536,0.384
20539.765533863505,0.56,0.384
20539.765801338355,0.56,0.384
20539.766068813205,0.536,0.384
20539.766336288056,0.544,0.384
20539.766603762906,0.552,0.392
20539.766871237756,0.544,0.384
20539.767138712607,0.56,0.384
20539.767406187453,0.56,0.384
20539.767673662303,0.536,0.384
20539.767941137154,0.544,0.384
20539.768208612004,0.56,0.392
20539.768476086854,0.544,0.392
20539.768743561704,0.56,0.384
20539.769011036555,0.544,0.384
20539.769278511405,0.56,0.384
20539.769545986255,0.544,0.384
20539.769813461106,0.56,0.392
20539.770080935956,0.56,0.384
20539.770348410806,0.536,0.392
20539.770615885656,0.552,0.384
20539.770883360507,0.536,0.384
20539.771150835357,0.544,0.384
20539.771418310203,0.552,0.392
20539.771685785054,0.544,0.384
20539.771953259904,0.552,0.392
20539.772220734754,0.544,0.384
20539.772488209604,0.552,0.392
20539.772755684455,0.544,0.384
20539.773023159305,0.56,0.392
20539.77732014656,0.544,-0.016
20539.77756645302,0.56,0.0
20539.77781275948,0.552,0.0
20539.77805906594,0.544,-0.016
20539.778305372398,0.544,-0.016
20539.778551678857,0.56,-0.008
20539.778797985316,0.544,-0.016
20539.779044291776,0.552,0.0
20539.779290598235,0.544,-0.016
20539.779536904694,0.56,0.0
20539.77978321115,0.544,-0.008
20539.78002951761,0.56,-0.016
20539.78027582407,0.536,-0.016
20539.780522130528,0.56,-0.008
20539.780768436987,0.544,-0.016
20539.781014743447,0.56,-0.008
20539.781261049906,0.544,-0.016
20539.781507356365,0.56,0.0
20539.781753662824,0.544,0.0
20539.781999969284,0.56,-0.016
20539.782246275743,0.544,-0.008
20539.782492582202,0.56,0.024
20539.78273888866,0.544,0.024
20539.78298519512,0.56,0.128
20539.78323150158,0.56,0.136
20539.78347780804,0.544,0.272
20539.7837241145,0.544,0.28800000000000003
20539.78397042096,0.56,0.352
20539.784216727418,0.56,0.36
20539.784463033873,0.544,0.384
20539.784709340332,0.56,0.376
20539.78495564679,0.536,0.392
20539.78520195325,0.544,0.384
20539.78544825971,0.56,0.4
20539.78569456617,0.544,0.392
20539.78594087263,0.56,0.384
20539.78618717909,0.56,0.392
20539.786433485548,0.544,0.384
20539.786679792007,0.544,0.392
20539.786926098466,0.552,0.384
20539.787172404926,0.544,0.384
20539.787418711385,0.552,0.4
20539.787665017844,0.544,0.392
20539.787911324303,0.552,0.384
20539.788157630763,0.544,0.384
20539.788403937222,0.56,0.4
20539.78865024368,0.544,0.392
20539.788896550137,0.56,0.384
20539.789142856596,0.544,0.384
20539.789389163056,0.56,0.4
20539.789635469515,0.536,0.4
20539.789881775974,0.56,0.392
20539.790128082434,0.544,0.4
20539.790374388893,0.56,0.384
20539.790620695352,0.544,0.384
20539.79086700181,0.552,0.4
20539.79111330827,0.544,0.392
20539.79135961473,0.56,0.384
20539.79160592119,0.544,0.4
20539.79185222765,0.552,0.384
20539.792098534108,0.544,0.384
20539.792344840567,0.56,0.4
20539.792591147027,0.544,0.4
20539.792837453486,0.56,0.384
20539.793083759945,0.544,0.4
20539.793330066404,0.56,0.384
20539.79357637286,0.544,0.392
20539.79382267932,0.56,0.384
20539.79406898578,0.544,0.4
20539.794315292238,0.56,0.384
20539.794561598697,0.544,0.392
20539.794807905157,0.56,0.384
20539.795054211616,0.544,0.384
20539.795300518075,0.56,0.4
20539.795546824535,0.544,0.392
20539.795793130994,0.56,0.384
20539.796039437453,0.544,0.4
20539.796285743912,0.56,0.384
20539.79653205037,0.544,0.4
20539.79677835683,0.56,0.384
20539.79702466329,0.552,0.392
20539.79727096975,0.544,0.384
20539.79751727621,0.544,0.384
20539.79776358267,0.56,0.4
20539.798009889128,0.544,0.392
20539.798256195583,0.56,0.4
20539.798502502043,0.56,0.384
20539.798748808502,0.544,0.4
20539.79899511496,0.56,0.392
20539.79924142142,0.536,0.392
20539.79948772788,0.536,0.4
20539.79973403434,0.56,0.384
20539.7999803408,0.544,0.4
20539.800226647258,0.56,0.384
20539.800472953717,0.536,0.384
20539.800719260176,0.56,0.4
20539.800965566636,0.544,0.384
20539.801211873095,0.56,0.4
20539.801458179554,0.544,0.384
20539.801704486013,0.56,0.4
20539.801950792473,0.544,0.384
20539.802197098932,0.552,0.4
20539.80244340539,0.544,0.4
20539.80268971185,0.56,0.384
20539.802936018306,0.544,0.384
20539.803182324766,0.56,0.4
20539.803428631225,0.544,0.392
20539.803674937684,0.56,0.384
20539.803921244144,0.544,0.392
20539.804167550603,0.552,0.384
20539.804413857062,0.56,0.392
20539.80466016352,0.536,0.384
20539.80490646998,0.544,0.384
20539.80515277644,0.56,0.4
20539.8053990829,0.544,0.392
20539.80564538936,0.552,0.384
20539.805891695818,0.544,0.384
20539.806138002277,0.56,0.392
20539.806384308737,0.544,0.4
20539.806630615196,0.56,0.384
20539.806876921655,0.552,0.4
20539.807123228115,0.544,0.384
20539.80736953457,0.544,0.392
20539.80761584103,0.56,0.384
20539.80786214749,0.544,0.384
20539.808108453948,0.56,0.4
20539.808354760407,0.544,0.392
20539.808601066867,0.56,0.384
20539.808847373326,0.544,0.384
20539.809093679785,0.56,0.4
20539.809339986245,0.536,0.384
20539.809586292704,0.56,0.4
20539.809832599163,0.544,0.384
20539.810078905623,0.56,0.4
20539.81032521208,0.544,0.384
20539.81057151854,0.56,0.4
20539.810817825,0.544,0.4
20539.81106413146,0.56,0.384
20539.81131043792,0.544,0.392
20539.81155674438,0.56,0.384
20539.811803050838,0.544,0.392
20539.812049357293,0.552,0.384
20539.812295663753,0.544,0.392
20539.812541970212,0.552,0.384
20539.81278827667,0.544,0.384
20539.81303458313,0.56,0.392
20539.81328088959,0.544,0.384
20539.81352719605,0.56,0.4
20539.81377350251,0.544,0.4
20539.814019808968,0.552,0.384
20539.814266115427,0.56,0.4
20539.814512421886,0.536,0.384
20539.814758728346,0.544,0.384
20539.815005034805,0.56,0.4
20539.815251341264,0.544,0.4
20539.815497647724,0.56,0.384
20539.815743954183,0.544,0.384
20539.815990260642,0.56,0.4
20539.8162365671,0.544,0.384
20539.81648287356,0.56,0.41600000000000004
20539.816729180016,0.536,0.40800000000000003
20539.816975486476,0.56,0.424
20539.817221792935,0.544,0.432
20539.817468099394,0.56,0.4
20539.817714405854,0.544,0.40800000000000003
20539.817960712313,0.56,0.392
20539.818207018772,0.544,0.424
20539.81845332523,0.56,0.4
20539.81869963169,0.56,0.392
20539.81894593815,0.544,0.432
20539.81919224461,0.56,0.432
20539.81943855107,0.536,0.448
20539.819684857528,0.544,0.456
20539.819931163987,0.552,0.41600000000000004
20539.820177470447,0.544,0.40800000000000003
20539.820423776906,0.56,0.392
20539.820670083365,0.544,0.392
20539.820916389825,0.56,0.432
20539.821162696284,0.544,0.424
20539.82140900274,0.56,0.44
20539.8216553092,0.544,0.456
20539.821901615658,0.552,0.432
20539.822147922117,0.544,0.432
20539.822394228577,0.56,0.448
20539.822640535036,0.544,0.44
20539.822886841495,0.56,0.40800000000000003
20539.823133147955,0.544,0.424
20539.823379454414,0.56,0.448
20539.823625760873,0.544,0.456
20539.823872067333,0.56,0.44
20539.824118373792,0.56,0.456
20539.82436468025,0.536,0.432
20539.82461098671,0.544,0.432
20539.82485729317,0.552,0.456
20539.82510359963,0.544,0.448
20539.82534990609,0.56,0.424
20539.825596212548,0.544,0.432
20539.825842519003,0.56,0.456
20539.826088825463,0.544,0.456
20539.826335131922,0.56,0.41600000000000004
20539.82658143838,0.544,0.448
20539.82682774484,0.552,0.41600000000000004
20539.8270740513,0.544,0.41600000000000004
20539.82732035776,0.56,0.4
20539.82756666422,0.544,0.44
20539.827812970678,0.56,0.4
20539.828059277137,0.544,0.40800000000000003
20539.828305583596,0.56,0.384
20539.828551890056,0.544,0.384
20539.828798196515,0.552,0.392
20539.829044502974,0.552,0.392
20539.829290809434,0.536,0.384
20539.829537115893,0.56,0.392
20539.829783422352,0.544,0.384
20539.83002972881,0.552,0.384
20539.83027603527,0.536,0.4
20539.830522341726,0.544,0.392
20539.830768648186,0.56,0.384
20539.831014954645,0.544,0.384
20539.831261261104,0.56,0.392
20539.831507567564,0.544,0.4
20539.831753874023,0.56,0.384
20539.832000180482,0.536,0.384
20539.83224648694,0.56,0.4
20539.8324927934,0.544,0.392
20539.83273909986,0.56,0.384
20539.83298540632,0.544,0.384
20539.83323171278,0.56,0.4
20539.833478019238,0.544,0.392
20539.833724325697,0.56,0.384
20539.833970632157,0.536,0.384
20539.834216938616,0.56,0.4
20539.834463245075,0.544,0.384
20539.834709551535,0.552,0.4
20539.834955857994,0.56,0.4
20539.83520216445,0.544,0.384
20539.83544847091,0.544,0.384
20539.83569477737,0.56,0.392
20539.835941083827,0.544,0.392
20539.836187390287,0.56,0.384
20539.836433696746,0.544,0.392
20539.836680003205,0.56,0.384
20539.836926309665,0.544,0.384
20539.837172616124,0.56,0.4
20539.837418922583,0.536,0.4
20539.837665229043,0.56,0.384
20539.837911535502,0.56,0.384
20539.83815784196,0.544,0.4
20539.83840414842,0.544,0.384
20539.83865045488,0.56,0.4
20539.83889676134,0.552,0.4
20539.8391430678,0.536,0.384
20539.839389374258,0.544,0.4
20539.839635680717,0.552,0.384
20539.839881987173,0.544,0.392
20539.840128293632,0.552,0.384
20539.84037460009,0.536,0.384
20539.84062090655,0.56,0.4
20539.84086721301,0.544,0.384
20539.84111351947,0.56,0.4
20539.84135982593,0.544,0.384
20539.841606132388,0.56,0.392
20539.841852438847,0.56,0.384
20539.842098745306,0.544,0.4
20539.842345051766,0.544,0.4
20539.842591358225,0.56,0.384
20539.842837664684,0.544,0.4
20539.843083971144,0.552,0.384
20539.843330277603,0.544,0.392
20539.843576584062,0.56,0.368
20539.84382289052,0.544,0.368
20539.84406919698,0.552,0.304
20539.844315503437,0.544,0.304
20539.844561809896,0.56,0.16
20539.844808116355,0.544,0.14400000000000002
20539.845054422814,0.56,0.056
20539.845300729274,0.544,0.048
20539.845547035733,0.56,0.016
20539.845793342192,0.544,0.008
20539.84603964865,0.56,-0.008
20539.84628595511,0.544,0.0
20539.84653226157,0.56,-0.008
20539.84677856803,0.544,-0.008
20539.84702487449,0.56,0.0
20539.847271180948,0.544,0.0
20539.847517487407,0.56,-0.016
20539.847763793867,0.544,-0.016
20539.848010100326,0.56,0.0
20539.848256406785,0.56,0.0
20539.848502713245,0.544,-0.016
20539.848749019704,0.56,0.0
20539.84899532616,0.536,-0.016
20539.84924163262,0.544,0.0
20539.84948793908,0.56,-0.016
20539.849734245538,0.544,0.0
20539.849980551997,0.56,-0.016
20539.850226858456,0.544,-0.016
20539.850473164915,0.56,0.0
20539.850719471375,0.56,0.0
20539.850965777834,0.544,-0.016
20539.851212084293,0.544,-0.016
20539.851458390753,0.56,0.0
20539.851704697212,0.536,0.0
20539.85195100367,0.56,-0.016
20539.85219731013,0.544,0.0
20539.85244361659,0.56,-0.016
20539.85268992305,0.544,0.0
20539.85293622951,0.56,-0.016
20539.853182535968,0.56,0.0
20539.853428842427,0.544,-0.016
20539.853675148883,0.56,0.0
20539.853921455342,0.536,-0.016
20539.8541677618,0.544,0.0
20539.85441406826,0.552,-0.016
20539.85466037472,0.544,0.0
20539.85490668118,0.552,-0.016
20539.85515298764,0.544,0.0
20539.855399294098,0.56,-0.016
20539.855645600557,0.536,0.0
20539.855891907016,0.56,-0.016
20539.856138213476,0.544,0.0
20539.856384519935,0.56,-0.016
20539.856630826394,0.544,0.0
20539.856877132854,0.56,-0.016
20539.857123439313,0.544,-0.016
20539.857369745772,0.56,0.0
20539.85761605223,0.544,0.0
20539.85786235869,0.56,-0.016
20539.85810866515,0.544,0.0
20539.858354971606,0.56,-0.016
20539.858601278065,0.544,-0.016
20539.858847584524,0.56,0.0
20539.859093890984,0.56,-0.016
20539.859340197443,0.544,0.0
20539.859586503902,0.544,-0.016
20539.85983281036,0.56,0.0
20539.86007911682,0.544,0.0
20539.86032542328,0.552,-0.016
20539.86057172974,0.544,-0.016
20539.8608180362,0.56,0.0
20539.86106434266,0.544,-0.016
20539.861310649118,0.56,0.0
20539.861556955577,0.56,-0.016
20539.861803262036,0.544,0.0
20539.862049568495,0.544,-0.016
20539.862295874955,0.56,0.0
20539.862542181414,0.544,0.0
20539.86278848787,0.56,-0.016
20539.86303479433,0.544,-0.016
20539.86328110079,0.56,0.0
20539.863527407248,0.544,-0.016
20539.863773713707,0.56,0.0
20539.864020020166,0.544,-0.016
20539.864266326626,0.552,0.0
20539.864512633085,0.544,-0.016
20539.864758939544,0.552,0.0
20539.865005246003,0.544,-0.016
20539.865251552463,0.56,0.0
20539.865497858922,0.544,0.0
20539.86574416538,0.56,-0.016
20539.86599047184,0.544,-0.016
20539.8662367783,0.56,0.0
20539.86648308476,0.544,-0.016
20539.86672939122,0.552,0.0
20539.866975697678,0.544,-0.008
20539.867222004137,0.56,-0.016
20539.867468310593,0.544,-0.016
20539.867714617052,0.56,0.0
20539.86796092351,0.544,-0.016
20539.86820722997,0.56,0.0
20539.86845353643,0.536,-0.016
20539.86869984289,0.56,0.0
20539.86894614935,0.544,-0.016
20539.869192455808,0.56,0.0
20539.869438762267,0.544,-0.016
20539.869685068727,0.56,-0.008
20539.869931375186,0.544,-0.008
20539.870177681645,0.56,-0.016
20539.870423988104,0.56,-0.016
20539.870670294564,0.544,0.0
20539.870916601023,0.544,0.0
20539.871162907482,0.56,-0.016
20539.87140921394,0.56,0.0
20539.8716555204,0.544,-0.016
20539.87190182686,0.544,-0.016
20539.872148133316,0.552,0.0
20539.872394439775,0.544,0.0
20539.872640746235,0.56,-0.016
20539.872887052694,0.544,-0.016
20539.873133359153,0.56,-0.008
20539.873379665612,0.536,-0.016
20539.87362597207,0.56,-0.008
20539.87387227853,0.544,-0.016
20539.87411858499,0.56,0.0
20539.87436489145,0.544,-0.016
20539.87461119791,0.56,0.0
20539.87485750437,0.544,-0.016
20539.875103810828,0.56,0.0
20539.875350117287,0.544,-0.016
20539.875596423746,0.56,0.0
20539.875842730205,0.544,-0.016
20539.876089036665,0.56,0.0
20539.876335343124,0.544,0.0
20539.876581649583,0.56,-0.016
20539.87682795604,0.536,-0.016
20539.8770742625,0.552,0.0
20539.877320568958,0.544,-0.016
20539.877566875417,0.56,0.0
20539.877813181876,0.544,-0.016
20539.878059488336,0.552,-0.008
20539.878305794795,0.56,-0.016
20539.878552101254,0.536,0.0
20539.878798407713,0.544,-0.008
20539.879044714173,0.56,-0.016
20539.879291020632,0.544,0.0
20539.87953732709,0.552,-0.016
20539.87978363355,0.544,-0.016
20539.88002994001,0.56,0.0
20539.88027624647,0.544,-0.016
20539.88052255293,0.552,0.0
20539.880768859388,0.544,-0.008
20539.881015165847,0.56,-0.016
20539.881261472303,0.56,-0.016
20539.881507778762,0.544,0.0
20539.88175408522,0.56,-0.016
20539.88200039168,0.544,0.0
20539.88224669814,0.544,-0.016
20539.8824930046,0.56,0.0
20539.88273931106,0.544,-0.016
20539.882985617518,0.552,0.0
20539.883231923977,0.544,-0.016
20539.883478230437,0.56,0.0
20539.883724536896,0.544,-0.016
20539.883970843355,0.552,0.0
20539.884217149815,0.544,-0.016
20539.884463456274,0.56,-0.008
20539.884709762733,0.56,-0.016
20539.884956069192,0.544,0.0
20539.88520237565,0.544,-0.016
20539.88544868211,0.56,0.0
20539.88569498857,0.544,-0.016
20539.885941295026,0.56,0.0
20539.886187601485,0.544,-0.016
20539.886433907945,0.552,0.0
20539.886680214404,0.544,-0.008
20539.886926520863,0.56,-0.016
20539.887172827323,0.56,0.0
20539.88741913378,0.544,-0.016
20539.88766544024,0.56,-0.016
20539.8879117467,0.544,0.0
20539.88815805316,0.56,-0.016
20539.88840435962,0.544,-0.008
20539.88865066608,0.544,-0.016
20539.888896972538,0.56,0.0
20539.889143278997,0.56,-0.016
20539.889389585456,0.536,-0.008
20539.889635891916,0.544,-0.016
20539.889882198375,0.552,0.0
20539.890128504834,0.552,-0.016
20539.890374811293,0.544,-0.008
20539.89062111775,0.544,-0.016
20539.89086742421,0.56,0.0
20539.891113730668,0.544,-0.016
20539.891360037127,0.56,0.0
20539.891606343586,0.544,-0.008
20539.891852650046,0.552,-0.016
20539.892098956505,0.544,-0.008
20539.892345262964,0.56,-0.016
20539.892591569424,0.544,-0.016
20539.892837875883,0.56,-0.008
20539.893084182342,0.544,-0.008
20539.8933304888,0.56,-0.016
20539.89357679526,0.544,-0.016
20539.89382310172,0.56,0.0
20539.89406940818,0.56,-0.016
20539.89431571464,0.544,-0.008
20539.894562021098,0.544,-0.008
20539.894808327557,0.56,-0.016
20539.895054634017,0.56,-0.016
20539.895300940472,0.544,0.0
20539.89554724693,0.56,-0.016
20539.89579355339,0.544,0.0
20539.89603985985,0.544,-0.016
20539.89628616631,0.56,0.0
20539.89653247277,0.544,0.0
20539.896778779228,0.56,-0.016
20539.897025085687,0.544,-0.016
20539.897271392147,0.552,-0.008
20539.897517698606,0.544,-0.016
20539.897764005065,0.56,0.0
20539.898010311525,0.56,-0.016
20539.898256617984,0.536,0.0
20539.898502924443,0.544,-0.016
20539.898749230902,0.56,-0.008
20539.89899553736,0.544,-0.008
20539.89924184382,0.552,-0.016
20539.89948815028,0.56,-0.008
20539.899734456736,0.544,-0.016
20539.899980763195,0.544,-0.016
20539.900227069655,0.56,0.0
20539.900473376114,0.56,-0.016
20539.900719682573,0.544,0.0
20539.900965989033,0.544,-0.016
20539.901212295492,0.56,0.0
20539.90145860195,0.544,-0.008
20539.90170490841,0.56,-0.016
20539.90195121487,0.544,-0.016
20539.90219752133,0.552,0.0
20539.90244382779,0.544,-0.008
20539.902690134248,0.56,-0.016
20539.902936440707,0.536,-0.016
20539.903182747166,0.56,-0.008
20539.903429053626,0.544,-0.008
20539.903675360085,0.56,-0.016
20539.903921666544,0.544,-0.016
20539.904167973003,0.56,0.0
20539.90441427946,0.544,-0.008
20539.90466058592,0.552,-0.016
20539.904906892378,0.544,0.0
20539.905153198837,0.56,-0.016
20539.905399505296,0.544,-0.008
20539.905645811756,0.56,0.024
20539.905892118215,0.544,0.024
20539.906138424674,0.56,0.128
20539.906384731134,0.544,0.136
20539.906631037593,0.56,0.272
20539.906877344052,0.544,0.28
20539.90712365051,0.56,0.352
20539.90736995697,0.544,0.36
20539.90761626343,0.56,0.384
20539.90786256989,0.536,0.384
20539.90810887635,0.56,0.384
20539.908355182808,0.544,0.384
20539.908601489267,0.56,0.392
20539.908847795727,0.544,0.384
20539.909094102182,0.56,0.4
20539.90934040864,0.544,0.4
20539.9095867151,0.56,0.384
20539.90983302156,0.544,0.392
20539.91007932802,0.56,0.384
20539.91032563448,0.544,0.384
20539.910571940938,0.56,0.4
20539.910818247397,0.544,0.384
20539.911064553857,0.56,0.392
20539.911310860316,0.544,0.392
20539.911557166775,0.56,0.384
20539.911803473235,0.544,0.384
20539.912049779694,0.56,0.4
20539.912296086153,0.544,0.4
20539.912542392613,0.56,0.384
20539.912788699072,0.56,0.392
20539.91303500553,0.536,0.384
20539.91328131199,0.544,0.392
20539.91352761845,0.56,0.4
20539.913773924905,0.56,0.392
20539.914020231365,0.544,0.384
20539.914266537824,0.544,0.384
20539.914512844283,0.552,0.4
20539.914759150743,0.544,0.384
20539.915005457202,0.552,0.4
20539.91525176366,0.544,0.384
20539.91549807012,0.56,0.4
20539.91574437658,0.544,0.392
20539.91599068304,0.56,0.384
20539.9162369895,0.544,0.384
20539.916483295958,0.56,0.4
20539.916729602417,0.544,0.384
20539.916975908876,0.552,0.4
20539.917222215336,0.544,0.384
20539.917468521795,0.56,0.4
20539.917714828254,0.56,0.384
20539.917961134714,0.544,0.4
20539.91820744117,0.544,0.384
20539.91845374763,0.56,0.4
20539.918700054088,0.544,0.392
20539.918946360547,0.56,0.384
20539.919192667006,0.544,0.384
20539.919438973466,0.56,0.4
20539.919685279925,0.544,0.4
20539.919931586384,0.56,0.384
20539.920177892844,0.544,0.4
20539.920424199303,0.56,0.384
20539.920670505762,0.544,0.384
20539.92091681222,0.56,0.4
20539.92116311868,0.544,0.4
20539.92140942514,0.56,0.384
20539.9216557316,0.544,0.384
20539.92190203806,0.56,0.4
20539.922148344518,0.544,0.392
20539.922394650977,0.552,0.392
20539.922640957437,0.536,0.384
20539.922887263892,0.56,0.4
20539.92313357035,0.544,0.384
20539.92337987681,0.56,0.4
20539.92362618327,0.544,0.392
20539.92387248973,0.56,0.4
20539.92411879619,0.544,0.4
20539.924365102648,0.56,0.384
20539.924611409107,0.544,0.4
20539.924857715567,0.56,0.384
20539.925104022026,0.544,0.384
20539.925350328485,0.56,0.4
20539.925596634945,0.544,0.4
20539.925842941404,0.56,0.384
20539.926089247863,0.544,0.4
20539.926335554323,0.56,0.384
20539.926581860782,0.544,0.392
20539.92682816724,0.56,0.384
20539.9270744737,0.544,0.384
20539.92732078016,0.56,0.4
20539.927567086615,0.536,0.392
20539.927813393075,0.56,0.4
20539.928059699534,0.544,0.392
20539.928306005993,0.56,0.384
20539.928552312453,0.536,0.384
20539.928798618912,0.56,0.4
20539.92904492537,0.544,0.384
20539.92929123183,0.552,0.4
20539.92953753829,0.544,0.4
20539.92978384475,0.56,0.384
20539.93003015121,0.544,0.384
20539.930276457668,0.56,0.4
20539.930522764127,0.544,0.392
20539.930769070586,0.56,0.4
20539.931015377046,0.544,0.392
20539.931261683505,0.56,0.384
20539.931507989964,0.544,0.392
20539.931754296424,0.552,0.384
20539.932000602883,0.544,0.392
20539.93224690934,0.56,0.384
20539.932493215798,0.552,0.4
20539.932739522257,0.536,0.384
20539.932985828716,0.536,0.4
20539.933232135176,0.56,0.384
20539.933478441635,0.544,0.392
20539.933724748094,0.56,0.384
20539.933971054554,0.544,0.384
20539.934217361013,0.56,0.4
20539.934463667472,0.544,0.4
20539.93470997393,0.56,0.384
20539.93495628039,0.544,0.4
20539.93520258685,0.56,0.384
20539.93544889331,0.536,0.392
20539.93569519977,0.56,0.384
20539.935941506228,0.552,0.384
20539.936187812687,0.536,0.4
20539.936434119147,0.544,0.392
20539.936680425602,0.56,0.384
20539.93692673206,0.544,0.384
20539.93717303852,0.56,0.4
20539.93741934498,0.536,0.384
20539.93766565144,0.56,0.4
20539.9379119579,0.544,0.392
20539.93815826436,0.56,0.4
20539.938404570818,0.544,0.384
20539.938650877277,0.56,0.4
20539.938897183736,0.544,0.384
20539.939143490195,0.56,0.392
20539.939389796655,0.544,0.392
20539.939636103114,0.56,0.384
20539.939882409573,0.56,0.4
20539.940128716033,0.544,0.384
20539.940375022492,0.544,0.384
20539.94062132895,0.56,0.4
20539.94086763541,0.544,0.392
20539.94111394187,0.56,0.384
20539.941360248326,0.544,0.384
20539.941606554785,0.56,0.4
20539.941852861244,0.544,0.384
20539.942099167703,0.552,0.392
20539.942345474163,0.56,0.4
20539.942591780622,0.536,0.384
20539.94283808708,0.544,0.384
20539.94308439354,0.56,0.4
20539.9433307,0.544,0.392
20539.94357700646,0.56,0.4
20539.94382331292,0.544,0.4
20539.944069619378,0.56,0.384
20539.944315925837,0.544,0.384
20539.944562232296,0.56,0.4
20539.944808538756,0.56,0.4
20539.945054845215,0.544,0.384
20539.945301151674,0.544,0.4
20539.945547458134,0.56,0.384
20539.945793764593,0.544,0.4
20539.94604007105,0.56,0.384
20539.946286377508,0.544,0.4
20539.946532683967,0.56,0.384
20539.946778990427,0.544,0.392
20539.947025296886,0.56,0.4
20539.947271603345,0.56,0.392
20539.947517909804,0.536,0.384
20539.947764216264,0.544,0.392
20539.948010522723,0.56,0.392
20539.948256829182,0.56,0.4
20539.94850313564,0.536,0.384
20539.9487494421,0.544,0.384
20539.94899574856,0.56,0.4
20539.94924205502,0.544,0.392
20539.94948836148,0.56,0.4
20539.949734667938,0.544,0.4
20539.949980974397,0.56,0.384
20539.950227280857,0.544,0.384
20539.950473587316,0.56,0.4
20539.95071989377,0.544,0.4
20539.95096620023,0.56,0.384
20539.95121250669,0.544,0.384
20539.95145881315,0.56,0.4
20539.95170511961,0.544,0.384
20539.95195142607,0.552,0.4
20539.952197732528,0.536,0.384
20539.952444038987,0.56,0.4
20539.952690345446,0.544,0.384
20539.952936651905,0.56,0.4
20539.953182958365,0.544,0.392
20539.953429264824,0.56,0.384
20539.953675571283,0.544,0.4
20539.953921877743,0.56,0.384
20539.954168184202,0.552,0.384
20539.95441449066,0.544,0.4
20539.95466079712,0.544,0.4
20539.95490710358,0.56,0.384
20539.955153410036,0.544,0.384
20539.955399716495,0.56,0.4
20539.955646022954,0.544,0.384
20539.955892329413,0.56,0.4
20539.956138635873,0.544,0.392
20539.956384942332,0.56,0.392
20539.95663124879,0.552,0.392
20539.95687755525,0.544,0.384
20539.95712386171,0.536,0.392
20539.95737016817,0.56,0.392
20539.95761647463,0.544,0.392
20539.957862781088,0.56,0.4
20539.958109087547,0.544,0.392
20539.958355394007,0.552,0.4
20539.958601700466,0.536,0.384
20539.958848006925,0.56,0.392
20539.959094313384,0.544,0.392
20539.959340619844,0.56,0.4
20539.959586926303,0.544,0.4
20539.95983323276,0.56,0.384
20539.960079539218,0.56,0.392
20539.960325845677,0.544,0.384
20539.960572152137,0.544,0.392
20539.960818458596,0.56,0.392
20539.961064765055,0.544,0.392
20539.961311071515,0.56,0.4
20539.961557377974,0.544,0.392
20539.961803684433,0.56,0.384
20539.962049990892,0.544,0.384
20539.96229629735,0.56,0.4
20539.96254260381,0.544,0.392
20539.96278891027,0.56,0.4
20539.96303521673,0.56,0.392
20539.96328152319,0.544,0.4
20539.96352782965,0.544,0.392
20539.963774136108,0.56,0.4
20539.964020442567,0.544,0.392
20539.964266749026,0.56,0.384
20539.96451305548,0.544,0.392
20539.96475936194,0.56,0.384
20539.9650056684,0.544,0.392
20539.96525197486,0.56,0.4
20539.96549828132,0.544,0.4
20539.96574458778,0.56,0.392
20539.965990894238,0.544,0.392
20539.966237200697,0.552,0.384
20539.966483507156,0.552,0.392
20539.966729813616,0.544,0.376
20539.966976120075,0.544,0.368
20539.967222426534,0.552,0.296
20539.967468732993,0.544,0.304
20539.967715039453,0.56,0.152
20539.967961345912,0.536,0.14400000000000002
20539.96820765237,0.56,0.056
20539.96845395883,0.544,0.04
20539.96870026529,0.56,0.016
20539.96894657175,0.544,0.008
20539.969192878205,0.552,-0.008
20539.969439184664,0.544,-0.008
20539.969685491124,0.56,0.0
20539.969931797583,0.56,0.0
20539.970178104042,0.544,-0.008
20539.9704244105,0.56,-0.016
20539.97067071696,0.544,0.0
20539.97091702342,0.544,-0.016
20539.97116332988,0.56,0.0
20539.97140963634,0.56,0.0
20539.971655942798,0.544,-0.016
20539.971902249257,0.544,-0.008
20539.972148555717,0.56,0.0
20539.972394862176,0.544,0.0
20539.972641168635,0.56,-0.016
20539.972887475094,0.544,-0.016
20539.973133781554,0.56,0.0
20539.973380088013,0.544,-0.016
20539.97362639447,0.552,0.0
20539.973872700928,0.544,0.0
20539.974119007387,0.56,-0.016
20539.974365313847,0.552,0.0
20539.974611620306,0.544,-0.016
20539.974857926765,0.544,0.0
20539.975104233225,0.552,-0.016
20539.975350539684,0.544,0.0
20539.975596846143,0.56,-0.016
20539.975843152602,0.544,0.0
20539.97608945906,0.56,-0.016
20539.97633576552,0.544,0.0
20539.97658207198,0.56,-0.016
20539.97682837844,0.544,0.0
20539.9770746849,0.56,-0.016
20539.97732099136,0.544,-0.016
20539.977567297818,0.56,0.0
20539.977813604277,0.56,0.0
20539.978059910736,0.544,-0.016
20539.978306217192,0.544,-0.016
20539.97855252365,0.56,0.0
20539.97879883011,0.544,0.0
20539.97904513657,0.552,-0.016
20539.97929144303,0.544,0.0
20539.97953774949,0.56,-0.016
20539.979784055948,0.544,-0.008
20539.980030362407,0.56,0.0
20539.980276668866,0.56,0.0
20539.980522975326,0.544,-0.016
20539.980769281785,0.544,0.0
20539.981015588244,0.552,-0.016
20539.981261894703,0.544,-0.016
20539.981508201163,0.56,0.0
20539.981754507622,0.56,-0.016
20539.98200081408,0.536,0.0
20539.98224712054,0.544,-0.016
20539.982493427,0.56,0.0
20539.98273973346,0.544,-0.016
20539.982986039915,0.56,0.0
20539.983232346374,0.544,-0.016
20539.983478652834,0.552,0.0
20539.983724959293,0.544,-0.016
20539.983971265752,0.56,0.0
20539.98421757221,0.544,-0.016
20539.98446387867,0.56,0.0
20539.98471018513,0.544,-0.016
20539.98495649159,0.56,0.0
20539.98520279805,0.544,-0.016
20539.985449104508,0.56,0.0
20539.985695410967,0.536,0.0
20539.985941717427,0.552,-0.016
20539.986188023886,0.56,-0.016
20539.986434330345,0.544,0.0
20539.986680636805,0.536,0.0
20539.986926943264,0.56,-0.016
20539.987173249723,0.544,0.0
20539.987419556182,0.56,-0.016
20539.987665862638,0.544,0.0
20539.987912169097,0.552,-0.016
20539.988158475557,0.544,0.0
20539.988404782016,0.56,-0.016
20539.988651088475,0.56,-0.016
20539.988897394935,0.544,0.0
20539.989143701394,0.56,-0.016
20539.989390007853,0.544,0.0
20539.989636314313,0.552,-0.016
20539.989882620772,0.536,0.0
20539.99012892723,0.544,-0.016
20539.99037523369,0.56,0.0
20539.99062154015,0.544,-0.016
20539.99086784661,0.56,0.0
20539.99111415307,0.544,-0.016
20539.991360459528,0.56,0.0
20539.991606765987,0.536,-0.016
20539.991853072446,0.56,0.0
20539.992099378902,0.544,-0.016
20539.99234568536,0.552,0.0
20539.99259199182,0.544,-0.016
20539.99283829828,0.552,0.0
20539.99308460474,0.544,-0.016
20539.9933309112,0.56,0.0
20539.993577217658,0.544,-0.016
20539.993823524117,0.56,0.0
20539.994069830576,0.544,0.0
20539.994316137036,0.56,-0.016
20539.994562443495,0.544,0.0
20539.994808749954,0.56,-0.016
20539.995055056414,0.544,-0.016
20539.995301362873,0.56,0.0
20539.995547669332,0.544,-0.016
20539.99579397579,0.56,0.0
20539.99604028225,0.544,-0.016
20539.99628658871,0.552,0.0
20539.99653289517,0.56,-0.016
20539.996779201625,0.536,0.0
20539.997025508084,0.544,0.0
20539.997271814544,0.552,-0.016
20539.997518121003,0.544,-0.016
20539.997764427462,0.56,0.0
20539.99801073392,0.544,-0.016
20539.99825704038,0.56,0.0
20539.99850334684,0.544,0.0
20539.9987496533,0.56,-0.016
20539.99899595976,0.544,-0.016
20539.999242266218,0.56,0.0
20539.999488572677,0.544,-0.016
20539.999734879137,0.56,-0.008
20539.999981185596,0.544,-0.016
20540.000227492055,0.552,-0.008
20540.000473798515,0.544,-0.016
20540.000720104974,0.56,0.0
20540.000966411433,0.56,-0.016
20540.001212717892,0.544,0.0
20540.001459024348,0.536,0.0
20540.001705330807,0.56,-0.016
20540.001951637267,0.544,-0.008
20540.002197943726,0.56,-0.016
20540.002444250185,0.544,-0.016
20540.002690556645,0.56,-0.008
20540.002936863104,0.544,-0.016
20540.003183169563,0.56,-0.008
20540.003429476023,0.544,-0.016
20540.003675782482,0.56,-0.008
20540.00392208894,0.544,-0.016
20540.0041683954,0.56,0.0
20540.00441470186,0.56,-0.008
20540.00466100832,0.544,-0.016
20540.00490731478,0.544,-0.016
20540.005153621238,0.56,0.0
20540.005399927697,0.544,0.0
20540.005646234156,0.56,-0.016
20540.005892540616,0.544,-0.016
20540.00613884707,0.56,0.0
20540.00638515353,0.56,0.0
20540.00663145999,0.536,-0.016
20540.00687776645,0.544,-0.008
20540.00712407291,0.56,-0.016
20540.007370379368,0.544,-0.016
20540.007616685827,0.56,0.0
20540.007862992286,0.544,-0.016
20540.008109298746,0.56,0.0
20540.008355605205,0.544,-0.008
20540.008601911664,0.56,-0.016
20540.008848218124,0.544,-0.008
20540.009094524583,0.56,-0.016
20540.009340831042,0.544,-0.008
20540.0095871375,0.56,-0.016
20540.00983344396,0.56,-0.016
20540.01007975042,0.544,0.0
20540.01032605688,0.544,-0.016
20540.010572363335,0.56,0.0
20540.010818669794,0.544,-0.016
20540.011064976254,0.56,-0.008
20540.011311282713,0.544,-0.008
20540.011557589172,0.56,-0.016
20540.01180389563,0.544,-0.016
20540.01205020209,0.56,-0.008
20540.01229650855,0.544,-0.016
20540.01254281501,0.56,0.0
20540.01278912147,0.544,-0.016
20540.013035427928,0.56,0.0
20540.013281734387,0.544,-0.016
20540.013528040847,0.56,0.0
20540.013774347306,0.56,-0.016
20540.014020653765,0.544,0.0
20540.014266960225,0.544,-0.016
20540.014513266684,0.56,-0.008
20540.014759573143,0.552,-0.008
20540.015005879603,0.544,-0.016
20540.01525218606,0.56,-0.016
20540.015498492518,0.544,-0.008
20540.015744798977,0.544,-0.016
20540.015991105436,0.56,0.0
20540.016237411895,0.544,-0.016
20540.016483718355,0.56,0.0
20540.016730024814,0.56,-0.016
20540.016976331273,0.544,-0.008
20540.017222637733,0.544,-0.016
20540.017468944192,0.552,-0.008
20540.01771525065,0.544,-0.008
20540.01796155711,0.56,-0.016
20540.01820786357,0.544,-0.016
20540.01845417003,0.552,0.0
20540.01870047649,0.56,-0.016
20540.018946782948,0.528,0.0
20540.019193089407,0.536,-0.008
20540.019439395866,0.512,-0.016
20540.019685702326,0.512,-0.016
20540.01993200878,0.56,-0.008
20540.02017831524,0.544,-0.008
20540.0204246217,0.56,-0.016
20540.02067092816,0.56,-0.008
20540.02091723462,0.544,-0.016
20540.021163541078,0.536,-0.016
20540.021409847537,0.56,0.0
20540.021656153996,0.544,-0.016
20540.021902460456,0.56,0.0
20540.022148766915,0.552,-0.016
20540.022395073374,0.536,0.0
20540.022641379834,0.544,-0.008
20540.022887686293,0.56,-0.016
20540.023133992752,0.544,-0.016
20540.02338029921,0.56,0.0
20540.02362660567,0.544,0.0
20540.02387291213,0.552,-0.016
20540.02411921859,0.544,-0.016
20540.02436552505,0.56,0.0
20540.024611831504,0.544,-0.008
20540.024858137964,0.56,-0.016
20540.025104444423,0.544,-0.016
20540.025350750882,0.56,0.0
20540.02559705734,0.544,-0.016
20540.0258433638,0.56,0.0
20540.02608967026,0.536,-0.016
20540.02633597672,0.56,0.0
20540.02658228318,0.544,-0.016
20540.026828589638,0.552,0.0
20540.027074896097,0.544,-0.016
20540.027321202557,0.552,0.0
20540.027567509016,0.544,-0.016
20540.027813815475,0.56,-0.008
20540.028060121935,0.56,-0.016
20540.028306428394,0.544,0.0
20540.028552734853,0.544,-0.008
20540.028799041313,0.56,0.024
20540.02904534777,0.544,0.016
20540.029291654228,0.56,0.128
20540.029537960687,0.536,0.136
20540.029784267146,0.552,0.28800000000000003
20540.030030573605,0.544,0.28800000000000003
20540.030276880065,0.56,0.352
20540.030523186524,0.544,0.36
20540.030769492983,0.56,0.376
20540.031015799443,0.56,0.376
20540.031262105902,0.536,0.4
20540.03150841236,0.56,0.384
20540.03175471882,0.544,0.392
20540.03200102528,0.544,0.384
20540.03224733174,0.552,0.4
20540.0324936382,0.56,0.384
20540.032739944658,0.544,0.4
20540.032986251117,0.544,0.4
20540.033232557576,0.56,0.392
20540.033478864036,0.544,0.4
20540.03372517049,0.56,0.384
20540.03397147695,0.544,0.392
20540.03421778341,0.56,0.384
20540.03446408987,0.544,0.392
20540.03471039633,0.56,0.392
20540.034956702788,0.544,0.392
20540.035203009247,0.56,0.384
20540.035449315707,0.544,0.392
20540.035695622166,0.552,0.4
20540.035941928625,0.536,0.392
20540.036188235084,0.56,0.384
20540.036434541544,0.544,0.392
20540.036680848003,0.56,0.392
20540.036927154462,0.544,0.4
20540.03717346092,0.56,0.384
20540.03741976738,0.544,0.392
20540.03766607384,0.56,0.4
20540.0379123803,0.544,0.392
20540.03815868676,0.56,0.384
20540.038404993214,0.544,0.384
20540.038651299674,0.56,0.4
20540.038897606133,0.544,0.392
20540.039143912592,0.56,0.384
20540.03939021905,0.544,0.384
20540.03963652551,0.56,0.4
20540.03988283197,0.544,0.384
20540.04012913843,0.56,0.4
20540.04037544489,0.544,0.392
20540.04062175135,0.56,0.4
20540.040868057808,0.56,0.384
20540.041114364267,0.536,0.4
20540.041360670726,0.544,0.392
20540.041606977185,0.56,0.384
20540.041853283645,0.544,0.392
20540.042099590104,0.56,0.384
20540.042345896563,0.544,0.4
20540.042592203023,0.56,0.384
20540.042838509482,0.544,0.392
20540.043084815938,0.56,0.4
20540.043331122397,0.544,0.4
20540.043577428856,0.56,0.384
20540.043823735316,0.552,0.384
20540.044070041775,0.544,0.4
20540.044316348234,0.536,0.4
20540.044562654693,0.552,0.384
20540.044808961153,0.544,0.384
20540.045055267612,0.552,0.4
20540.04530157407,0.544,0.4
20540.04554788053,0.56,0.384
20540.04579418699,0.544,0.4
20540.04604049345,0.56,0.384
20540.04628679991,0.544,0.4
20540.046533106368,0.56,0.392
20540.046779412827,0.544,0.392
20540.047025719286,0.56,0.384
20540.047272025746,0.544,0.4
20540.0475183322,0.56,0.384
20540.04776463866,0.544,0.384
20540.04801094512,0.56,0.392
20540.04825725158,0.552,0.4
20540.04850355804,0.536,0.384
20540.048749864498,0.544,0.392
20540.048996170957,0.56,0.4
20540.049242477417,0.552,0.392
20540.049488783876,0.544,0.384
20540.049735090335,0.544,0.392
20540.049981396794,0.56,0.384
20540.050227703254,0.56,0.392
20540.050474009713,0.544,0.384
20540.050720316172,0.536,0.384
20540.05096662263,0.56,0.4
20540.05121292909,0.544,0.384
20540.05145923555,0.56,0.4
20540.05170554201,0.56,0.392
20540.05195184847,0.536,0.4
20540.052198154925,0.544,0.392
20540.052444461384,0.56,0.4
20540.052690767843,0.544,0.392
20540.052937074302,0.56,0.384
20540.05318338076,0.544,0.384
20540.05342968722,0.56,0.4
20540.05367599368,0.544,0.384
20540.05392230014,0.56,0.4
20540.0541686066,0.536,0.4
20540.05441491306,0.56,0.384
20540.054661219518,0.544,0.384
20540.054907525977,0.552,0.392
20540.055153832436,0.544,0.392
20540.055400138895,0.56,0.4
20540.055646445355,0.544,0.384
20540.055892751814,0.56,0.4
20540.056139058273,0.544,0.384
20540.056385364733,0.56,0.4
20540.056631671192,0.544,0.4
20540.056877977648,0.56,0.384
20540.057124284107,0.544,0.392
20540.057370590566,0.56,0.4
20540.057616897026,0.544,0.384
20540.057863203485,0.56,0.4
20540.058109509944,0.544,0.4
20540.058355816403,0.56,0.384
20540.058602122863,0.552,0.4
20540.058848429322,0.536,0.384
20540.05909473578,0.544,0.392
20540.05934104224,0.56,0.384
20540.0595873487,0.544,0.392
20540.05983365516,0.56,0.384
20540.06007996162,0.552,0.392
20540.060326268078,0.544,0.384
20540.060572574537,0.56,0.384
20540.060818880997,0.536,0.4
20540.061065187456,0.544,0.392
20540.061311493915,0.56,0.384
20540.06155780037,0.544,0.392
20540.06180410683,0.56,0.384
20540.06205041329,0.544,0.384
20540.06229671975,0.56,0.4
20540.062543026208,0.544,0.384
20540.062789332667,0.56,0.4
20540.063035639127,0.544,0.392
20540.063281945586,0.56,0.384
20540.063528252045,0.544,0.392
20540.063774558505,0.56,0.424
20540.064020864964,0.544,0.40800000000000003
20540.064267171423,0.56,0.392
20540.064513477882,0.544,0.4
20540.06475978434,0.56,0.384
20540.0650060908,0.544,0.384
20540.06525239726,0.56,0.4
20540.06549870372,0.552,0.4
20540.06574501018,0.536,0.384
20540.065991316635,0.56,0.392
20540.066237623094,0.544,0.384
20540.066483929553,0.56,0.392
20540.066730236013,0.536,0.4
20540.066976542472,0.544,0.392
20540.06722284893,0.56,0.384
20540.06746915539,0.544,0.384
20540.06771546185,0.56,0.4
20540.06796176831,0.544,0.4
20540.06820807477,0.56,0.384
20540.068454381228,0.544,0.392
20540.068700687687,0.56,0.384
20540.068946994146,0.544,0.392
20540.069193300606,0.56,0.4
20540.069439607065,0.544,0.384
20540.069685913524,0.552,0.4
20540.069932219983,0.544,0.384
20540.070178526443,0.552,0.4
20540.070424832902,0.56,0.392
20540.070671139358,0.536,0.384
20540.070917445817,0.544,0.392
20540.071163752276,0.56,0.4
20540.071410058736,0.552,0.384
20540.071656365195,0.536,0.4
20540.071902671654,0.544,0.384
20540.072148978114,0.56,0.392
20540.072395284573,0.544,0.384
20540.072641591032,0.56,0.4
20540.077889204025,0.536,-0.016
20540.078155894476,0.552,0.0
20540.07842258493,0.536,-0.016
20540.078689275382,0.552,0.0
20540.078955965837,0.544,0.0
20540.079222656288,0.552,-0.016
20540.079489346743,0.536,0.0
20540.079756037194,0.56,-0.016
20540.08002272765,0.56,-0.016
20540.0802894181,0.536,0.0
20540.080556108554,0.552,-0.016
20540.080822799006,0.536,0.0
20540.08108948946,0.544,-0.016
20540.08135617991,0.56,0.0
20540.081622870366,0.544,-0.016
20540.081889560817,0.56,0.0
20540.082156251272,0.536,-0.016
20540.082422941723,0.56,0.0
20540.082689632178,0.552,-0.016
20540.08295632263,0.536,0.0
20540.083223013084,0.552,-0.008
20540.083489703535,0.536,0.016
20540.08375639399,0.536,0.024
20540.08402308444,0.552,0.128
20540.084289774895,0.544,0.14400000000000002
20540.084556465346,0.552,0.28
20540.0848231558,0.544,0.28800000000000003
20540.085089846252,0.552,0.368
20540.085356536707,0.552,0.368
20540.085623227158,0.536,0.4
20540.085889917613,0.552,0.392
20540.086156608064,0.536,0.40800000000000003
20540.08642329852,0.536,0.4
20540.08668998897,0.56,0.41600000000000004
20540.086956679424,0.56,0.41600000000000004
20540.087223369876,0.536,0.4
20540.08749006033,0.544,0.41600000000000004
20540.08775675078,0.56,0.4
20540.088023441236,0.536,0.41600000000000004
20540.088290131687,0.56,0.40800000000000003
20540.088556822142,0.536,0.4
20540.088823512593,0.56,0.41600000000000004
20540.089090203048,0.56,0.41600000000000004
20540.0893568935,0.536,0.4
20540.089623583954,0.536,0.40800000000000003
20540.089890274405,0.56,0.4
20540.09015696486,0.544,0.40800000000000003
20540.09042365531,0.56,0.4
20540.090690345765,0.536,0.4
20540.090957036216,0.552,0.41600000000000004
20540.09122372667,0.56,0.41600000000000004
20540.091490417122,0.536,0.4
20540.091757107577,0.552,0.41600000000000004
20540.092023798028,0.536,0.4
20540.092290488483,0.544,0.4
20540.092557178934,0.552,0.41600000000000004
20540.09282386939,0.536,0.41600000000000004
20540.09309055984,0.552,0.4
20540.093357250295,0.536,0.4
20540.093623940746,0.552,0.41600000000000004
20540.0938906312,0.536,0.41600000000000004
20540.09415732165,0.56,0.4
20540.094424012106,0.536,0.41600000000000004
20540.094690702557,0.56,0.4
20540.094957393012,0.56,0.40800000000000003
20540.095224083463,0.536,0.41600000000000004
20540.095490773918,0.552,0.41600000000000004
20540.09575746437,0.528,0.40800000000000003
20540.096024154824,0.528,0.41600000000000004
20540.096290845275,0.544,0.40800000000000003
20540.09655753573,0.544,0.40800000000000003
20540.09682422618,0.52,0.41600000000000004
20540.097090916635,0.528,0.41600000000000004
20540.097357607086,0.504,0.4
20540.09762429754,0.504,0.40800000000000003
20540.097890987992,0.536,0.40800000000000003
20540.098157678443,0.544,0.40800000000000003
20540.098424368898,0.512,0.41600000000000004
20540.09869105935,0.512,0.40800000000000003
20540.098957749804,0.496,0.41600000000000004
20540.099224440255,0.496,0.4
20540.09949113071,0.528,0.41600000000000004
20540.09975782116,0.536,0.4
20540.100024511616,0.496,0.41600000000000004
20540.100291202067,0.504,0.41600000000000004
20540.10055789252,0.52,0.4
20540.100824582973,0.504,0.41600000000000004
20540.101091273427,0.528,0.4
20540.10135796388,0.528,0.40800000000000003
20540.101624654333,0.504,0.41600000000000004
20540.101891344784,0.52,0.4
20540.10215803524,0.552,0.41600000000000004
20540.10242472569,0.536,0.40800000000000003
20540.102691416145,0.552,0.41600000000000004
20540.102958106596,0.536,0.40800000000000003
20540.10322479705,0.552,0.4
20540.1034914875,0.536,0.40800000000000003
20540.103758177956,0.552,0.41600000000000004
20540.104024868408,0.536,0.41600000000000004
20540.104291558862,0.552,0.4
20540.104558249313,0.552,0.4
20540.104824939768,0.536,0.41600000000000004
20540.10509163022,0.536,0.41600000000000004
20540.105358320674,0.552,0.40800000000000003
20540.105625011125,0.536,0.40800000000000003
20540.10589170158,0.552,0.4
20540.10615839203,0.536,0.40800000000000003
20540.106425082486,0.552,0.41600000000000004
20540.106691772937,0.536,0.40800000000000003
20540.10695846339,0.552,0.41600000000000004
20540.107225153843,0.552,0.40800000000000003
20540.107491844297,0.536,0.41600000000000004
20540.10775853475,0.536,0.41600000000000004
20540.108025225203,0.552,0.40800000000000003
20540.108291915654,0.552,0.41600000000000004
20540.10855860611,0.544,0.4
20540.10882529656,0.536,0.40800000000000003
20540.109091987015,0.552,0.41600000000000004
20540.109358677466,0.536,0.41600000000000004
20540.10962536792,0.552,0.4
20540.10989205837,0.536,0.4
20540.110158748827,0.552,0.41600000000000004
20540.110425439278,0.552,0.40800000000000003
20540.110692129732,0.536,0.4
20540.110958820183,0.544,0.41600000000000004
20540.111225510638,0.536,0.4
20540.11149220109,0.536,0.41600000000000004
20540.111758891544,0.552,0.4
20540.112025581995,0.552,0.40800000000000003
20540.11229227245,0.536,0.41600000000000004
20540.1125589629,0.552,0.41600000000000004
20540.112825653356,0.536,0.40800000000000003
20540.113092343807,0.536,0.4
20540.11335903426,0.56,0.41600000000000004
20540.113625724713,0.552,0.40800000000000003
20540.113892415167,0.536,0.41600000000000004
20540.11415910562,0.536,0.41600000000000004
20540.114425796073,0.552,0.4
20540.114692486524,0.544,0.41600000000000004
20540.11495917698,0.56,0.40800000000000003
20540.11522586743,0.536,0.41600000000000004
20540.115492557885,0.552,0.4
20540.115759248336,0.536,0.41600000000000004
20540.11602593879,0.552,0.4
20540.11629262924,0.552,0.41600000000000004
20540.116559319697,0.536,0.4
20540.116826010148,0.56,0.40800000000000003
20540.117092700602,0.536,0.4
20540.117359391053,0.56,0.40800000000000003
20540.11762608151,0.536,0.4
20540.11789277196,0.544,0.40800000000000003
20540.11815946241,0.552,0.41600000000000004
20540.118426152865,0.536,0.41600000000000004
20540.118692843316,0.552,0.4
20540.11895953377,0.544,0.4
20540.119226224222,0.552,0.41600000000000004
20540.119492914677,0.536,0.4
20540.119759605128,0.56,0.41600000000000004
20540.120026295583,0.536,0.41600000000000004
20540.120292986034,0.56,0.4
20540.12055967649,0.56,0.41600000000000004
20540.12082636694,0.536,0.4
20540.121093057394,0.544,0.4
20540.121359747845,0.56,0.41600000000000004
20540.1216264383,0.536,0.41600000000000004
20540.12189312875,0.56,0.4
20540.122159819206,0.552,0.40800000000000003
20540.122426509657,0.544,0.4
20540.122693200112,0.56,0.41600000000000004
20540.122959890563,0.536,0.4
20540.123226581018,0.536,0.4
20540.12349327147,0.56,0.41600000000000004
20540.123759961923,0.544,0.40800000000000003
20540.124026652375,0.56,0.41600000000000004
20540.12429334283,0.544,0.41600000000000004
20540.12456003328,0.56,0.4
20540.124826723735,0.552,0.4
20540.125093414186,0.536,0.40800000000000003
20540.12536010464,0.544,0.41600000000000004
20540.125626795092,0.552,0.4
20540.125893485547,0.536,0.4
20540.126160175998,0.56,0.41600000000000004
20540.126426866453,0.544,0.4
20540.126693556904,0.56,0.41600000000000004
20540.12696024736,0.56,0.41600000000000004
20540.12722693781,0.536,0.4
20540.127493628264,0.544,0.41600000000000004
20540.127760318715,0.544,0.4
20540.12802700917,0.552,0.4
20540.12829369962,0.536,0.41600000000000004
20540.128560390076,0.552,0.4
20540.128827080527,0.536,0.41600000000000004
20540.129093770982,0.544,0.4
20540.129360461433,0.552,0.41600000000000004
20540.129627151888,0.544,0.41600000000000004
20540.12989384234,0.56,0.4
20540.130160532794,0.56,0.41600000000000004
20540.130427223245,0.536,0.4
20540.1306939137,0.536,0.4
20540.13096060415,0.56,0.41600000000000004
20540.131227294605,0.544,0.41600000000000004
20540.131493985056,0.56,0.4
20540.13176067551,0.56,0.40800000000000003
20540.132027365962,0.536,0.41600000000000004
20540.132294056417,0.552,0.41600000000000004
20540.132560746868,0.544,0.4
20540.132827437323,0.544,0.41600000000000004
20540.133094127774,0.56,0.4
20540.13336081823,0.536,0.4
20540.13362750868,0.56,0.41600000000000004
20540.133894199134,0.544,0.4
20540.134160889585,0.56,0.41600000000000004
20540.13442758004,0.552,0.4
20540.13469427049,0.536,0.40800000000000003
20540.134960960946,0.552,0.41600000000000004
20540.135227651397,0.536,0.4
20540.135494341852,0.544,0.4
20540.135761032303,0.56,0.41600000000000004
20540.136027722758,0.56,0.41600000000000004
20540.13629441321,0.536,0.4
20540.136561103664,0.552,0.41600000000000004
20540.136827794115,0.536,0.4
20540.13709448457,0.536,0.4
20540.13736117502,0.56,0.41600000000000004
20540.137627865475,0.552,0.41600000000000004
20540.137894555926,0.536,0.4
20540.138161246377,0.544,0.41600000000000004
20540.138427936832,0.56,0.4
20540.138694627283,0.56,0.4
20540.138961317738,0.536,0.41600000000000004
20540.13922800819,0.544,0.4
20540.139494698644,0.56,0.41600000000000004
20540.139761389095,0.552,0.41600000000000004
20540.14002807955,0.536,0.4
20540.14029477,0.552,0.4
20540.140561460456,0.536,0.41600000000000004
20540.140828150907,0.544,0.41600000000000004
20540.14109484136,0.56,0.4
20540.141361531812,0.544,0.4
20540.141628222267,0.552,0.41600000000000004
20540.14189491272,0.544,0.4
20540.142161603173,0.56,0.41600000000000004
20540.142428293624,0.544,0.4
20540.14269498408,0.552,0.41600000000000004
20540.14296167453,0.544,0.4
20540.143228364985,0.552,0.41600000000000004
20540.143495055436,0.544,0.40800000000000003
20540.14376174589,0.56,0.41600000000000004
20540.14402843634,0.56,0.40800000000000003
20540.144295126796,0.536,0.4
20540.144561817247,0.552,0.4
20540.144828507702,0.536,0.40800000000000003
20540.145095198153,0.56,0.4
20540.145361888608,0.536,0.41600000000000004
20540.14562857906,0.544,0.40800000000000003
20540.145895269514,0.56,0.41600000000000004
20540.146161959965,0.536,0.40800000000000003
20540.14642865042,0.56,0.41600000000000004
20540.14669534087,0.544,0.41600000000000004
20540.146962031326,0.56,0.4
20540.147228721777,0.552,0.4
20540.14749541223,0.536,0.41600000000000004
20540.147762102682,0.552,0.41600000000000004
20540.148028793137,0.536,0.4
20540.14829548359,0.536,0.4
20540.148562174043,0.552,0.41600000000000004
20540.148828864494,0.544,0.41600000000000004
20540.14909555495,0.552,0.4
20540.1493622454,0.56,0.4
20540.149628935855,0.536,0.392
20540.149895626306,0.544,0.384
20540.15016231676,0.56,0.328
20540.15042900721,0.544,0.312
20540.150695697666,0.56,0.176
20540.150962388117,0.536,0.16
20540.151229078572,0.552,0.056
20540.151495769023,0.544,0.056
20540.151762459478,0.56,0.008
20540.15202914993,0.56,0.016
20540.152295840384,0.536,-0.008
20540.152562530835,0.536,0.0
20540.15282922129,0.56,-0.008
20540.15309591174,0.552,0.0
20540.153362602196,0.544,-0.008
20540.153629292647,0.544,0.0
20540.1538959831,0.56,-0.008
20540.154162673552,0.544,0.0
20540.154429364007,0.552,-0.016
20540.15469605446,0.56,-0.008
20540.154962744913,0.536,0.0
20540.155229435364,0.536,0.0
20540.15549612582,0.552,-0.008
20540.15576281627,0.544,0.0
20540.156029506725,0.56,-0.008
20540.156296197176,0.552,-0.008
20540.15656288763,0.536,0.0
20540.15682957808,0.536,0.0
20540.157096268536,0.552,-0.016
20540.157362958988,0.552,0.0
20540.157629649442,0.544,-0.016
20540.157896339893,0.544,0.0
20540.158163030344,0.552,-0.016
20540.1584297208,0.544,0.0
20540.15869641125,0.56,-0.008
20540.158963101705,0.544,0.0
20540.159229792156,0.56,-0.016
20540.15949648261,0.536,-0.008
20540.159763173062,0.56,0.0
20540.160029863517,0.56,0.0
20540.160296553968,0.536,-0.008
20540.160563244423,0.552,-0.008
20540.160829934874,0.536,0.0
20540.16109662533,0.544,-0.008
20540.16136331578,0.56,0.0
20540.161630006234,0.544,0.0
20540.161896696685,0.56,-0.008
20540.16216338714,0.544,0.0
20540.16243007759,0.56,-0.016
20540.162696768046,0.552,-0.008
20540.162963458497,0.536,0.0
20540.16323014895,0.544,0.0
20540.163496839403,0.56,-0.008
20540.163763529858,0.544,0.0
20540.16403022031,0.56,-0.016
20540.164296910763,0.536,0.0
20540.164563601214,0.56,-0.016
20540.16483029167,0.544,0.0
20540.16509698212,0.56,-0.016
20540.165363672575,0.544,0.0
20540.165630363026,0.56,-0.016
20540.16589705348,0.56,0.0
20540.166163743932,0.536,-0.016
20540.166430434387,0.544,0.0
20540.166697124838,0.56,-0.016
20540.166963815293,0.544,-0.016
20540.167230505744,0.552,0.0
20540.1674971962,0.544,0.0
20540.16776388665,0.552,-0.016
20540.168030577104,0.536,0.0
20540.168297267555,0.552,-0.016
20540.16856395801,0.544,0.0
20540.16883064846,0.552,-0.016
20540.169097338916,0.544,0.0
20540.169364029367,0.56,-0.008
20540.16963071982,0.552,0.0
20540.169897410273,0.536,-0.016
20540.170164100728,0.552,-0.016
20540.17043079118,0.536,0.0
20540.170697481633,0.56,-0.016
20540.170964172084,0.536,0.0
20540.17123086254,0.544,-0.016
20540.17149755299,0.56,0.0
20540.171764243445,0.544,-0.016
20540.172030933896,0.552,0.0
20540.17229762435,0.544,-0.016
20540.172564314802,0.56,0.0
20540.172831005257,0.544,0.0
20540.173097695708,0.552,-0.016
20540.173364386163,0.536,-0.016
20540.173631076614,0.552,0.0
20540.17389776707,0.544,0.0
20540.17416445752,0.56,-0.016
20540.174431147974,0.536,0.0
20540.174697838425,0.56,-0.016
20540.17496452888,0.544,0.0
20540.17523121933,0.56,-0.016
20540.175497909786,0.552,-0.016
20540.175764600237,0.536,0.0
20540.17603129069,0.536,0.0
20540.176297981143,0.56,-0.016
20540.176564671598,0.544,-0.016
20540.17683136205,0.56,0.0
20540.177098052503,0.56,0.0
20540.177364742955,0.536,-0.016
20540.17763143341,0.544,0.0
20540.17789812386,0.56,-0.016
20540.17816481431,0.544,0.0
20540.178431504766,0.552,-0.016
20540.178698195217,0.552,-0.016
20540.178964885672,0.536,0.0
20540.179231576123,0.544,0.0
20540.179498266578,0.56,-0.016
20540.17976495703,0.56,0.0
20540.180031647484,0.536,-0.016
20540.180298337935,0.552,0.0
20540.18056502839,0.536,-0.016
20540.18083171884,0.536,0.0
20540.181098409295,0.552,-0.016
20540.181365099746,0.536,-0.016
20540.1816317902,0.56,0.0
20540.181898480652,0.552,-0.016
20540.182165171107,0.536,0.0
20540.182431861558,0.536,-0.016
20540.182698552013,0.56,0.0
20540.182965242464,0.56,-0.016
20540.18323193292,0.536,0.0
20540.18349862337,0.56,-0.016
20540.183765313825,0.536,0.0
20540.184032004276,0.552,-0.016
20540.18429869473,0.536,0.0
20540.18456538518,0.552,0.0
20540.184832075636,0.536,-0.016
20540.185098766087,0.536,0.0
20540.185365456542,0.552,-0.016
20540.185632146993,0.544,-0.016
20540.185898837448,0.56,0.0
20540.1861655279,0.544,-0.016
20540.186432218354,0.552,0.0
20540.186698908805,0.536,0.0
20540.18696559926,0.56,-0.016
20540.18723228971,0.536,-0.016
20540.187498980165,0.56,0.0
20540.187765670616,0.544,0.0
20540.18803236107,0.552,-0.016
20540.188299051522,0.552,-0.016
20540.188565741977,0.536,0.0
20540.188832432428,0.544,0.0
20540.189099122883,0.56,-0.016
20540.189365813334,0.552,0.0
20540.18963250379,0.544,-0.016
20540.18989919424,0.536,-0.016
20540.190165884695,0.56,0.0
20540.190432575146,0.544,-0.016
20540.1906992656,0.56,0.0
20540.19096595605,0.56,-0.016
20540.191232646506,0.536,0.0
20540.191499336957,0.544,0.0
20540.191766027412,0.552,-0.016
20540.192032717863,0.536,-0.016
20540.192299408318,0.56,0.0
20540.19256609877,0.544,0.0
20540.192832789224,0.56,-0.016
20540.193099479675,0.544,0.0
20540.19336617013,0.56,-0.016
20540.19363286058,0.544,0.0
20540.193899551035,0.56,-0.016
20540.194166241487,0.544,0.0
20540.19443293194,0.56,-0.016
20540.194699622392,0.544,-0.016
20540.194966312847,0.552,0.0
20540.1952330033,0.536,-0.016
20540.195499693753,0.552,0.0
20540.195766384204,0.544,-0.016
20540.19603307466,0.552,0.0
20540.19629976511,0.536,-0.016
20540.196566455565,0.552,0.0
20540.196833146016,0.536,0.0
20540.19709983647,0.552,-0.016
20540.19736652692,0.552,0.0
20540.197633217376,0.536,-0.016
20540.197899907827,0.552,-0.016
20540.19816659828,0.536,0.0
20540.198433288733,0.544,-0.016
20540.198699979184,0.56,0.0
20540.19896666964,0.552,0.0
20540.19923336009,0.536,-0.016
20540.199500050545,0.536,-0.016
20540.199766740996,0.56,0.0
20540.20003343145,0.552,0.0
20540.2003001219,0.536,-0.016
20540.200566812357,0.536,-0.016
20540.200833502808,0.552,0.0
20540.201100193262,0.544,-0.016
20540.201366883713,0.552,0.0
20540.20163357417,0.56,-0.016
20540.20190026462,0.536,0.0
20540.202166955074,0.536,-0.016
20540.202433645525,0.56,0.0
20540.20270033598,0.56,-0.016
20540.20296702643,0.536,0.0
20540.203233716886,0.544,-0.016
20540.203500407337,0.536,-0.008
20540.20376709779,0.544,0.0
20540.204033788243,0.56,-0.016
20540.204300478697,0.56,0.0
20540.20456716915,0.536,-0.016
20540.204833859603,0.552,0.0
20540.205100550054,0.536,-0.016
20540.20536724051,0.544,0.0
20540.20563393096,0.56,-0.016
20540.205900621415,0.544,-0.016
20540.206167311866,0.56,0.0
20540.20643400232,0.552,-0.016
20540.206700692772,0.536,0.0
20540.206967383227,0.536,0.0
20540.207234073678,0.552,-0.016
20540.207500764132,0.552,-0.016
20540.207767454584,0.536,0.0
20540.20803414504,0.56,-0.016
20540.20830083549,0.536,0.0
20540.208567525944,0.544,-0.008
20540.208834216395,0.536,-0.016
20540.20910090685,0.536,-0.016
20540.2093675973,0.56,0.0
20540.209634287756,0.536,-0.016
20540.209900978207,0.56,0.0
20540.21016766866,0.552,0.0
20540.210434359113,0.536,-0.016
20540.210701049567,0.544,-0.016
20540.21096774002,0.56,0.0
20540.211234430473,0.536,-0.016
20540.211501120924,0.552,0.0
20540.21176781138,0.536,-0.016
20540.21203450183,0.56,0.0
20540.212301192285,0.552,0.0
20540.212567882736,0.536,-0.016
20540.21283457319,0.544,-0.016
20540.213101263642,0.56,0.0
20540.213367954097,0.552,-0.016
20540.213634644548,0.536,0.0
20540.213901335002,0.544,0.0
20540.214168025454,0.56,-0.016
20540.21443471591,0.536,-0.016
20540.21470140636,0.56,0.0
20540.214968096814,0.544,0.0
20540.215234787265,0.552,-0.016
20540.21550147772,0.544,-0.016
20540.21576816817,0.56,0.0
20540.216034858626,0.56,0.0
20540.216301549077,0.536,-0.016
20540.21656823953,0.552,-0.008
20540.216834929983,0.536,0.016
20540.217101620437,0.544,0.016
20540.21736831089,0.56,0.12
20540.217635001343,0.544,0.136
20540.217901691794,0.56,0.28800000000000003
20540.218168382245,0.552,0.28800000000000003
20540.2184350727,0.536,0.368
20540.21870176315,0.536,0.368
20540.218968453606,0.552,0.4
20540.219235144057,0.536,0.392
20540.219501834512,0.56,0.40800000000000003
20540.219768524963,0.552,0.40800000000000003
20540.220035215418,0.536,0.4
20540.22030190587,0.552,0.4
20540.220568596324,0.536,0.41600000000000004
20540.220835286775,0.544,0.4
20540.22110197723,0.56,0.41600000000000004
20540.22136866768,0.552,0.4
20540.221635358135,0.536,0.41600000000000004
20540.221902048586,0.552,0.4
20540.22216873904,0.536,0.41600000000000004
20540.222435429492,0.544,0.4
20540.222702119947,0.552,0.41600000000000004
20540.222968810398,0.536,0.4
20540.223235500853,0.552,0.41600000000000004
20540.223502191304,0.536,0.4
20540.22376888176,0.552,0.41600000000000004
20540.22403557221,0.56,0.41600000000000004
20540.224302262664,0.536,0.4
20540.224568953116,0.552,0.4
20540.22483564357,0.536,0.41600000000000004
20540.22510233402,0.544,0.41600000000000004
20540.225369024476,0.56,0.4
20540.225635714927,0.544,0.4
20540.225902405382,0.552,0.41600000000000004
20540.226169095833,0.552,0.4
20540.226435786288,0.536,0.41600000000000004
20540.22670247674,0.536,0.41600000000000004
20540.226969167194,0.56,0.4
20540.227235857645,0.552,0.4
20540.2275025481,0.536,0.41600000000000004
20540.22776923855,0.552,0.40800000000000003
20540.228035929005,0.536,0.4
20540.228302619456,0.536,0.4
20540.22856930991,0.56,0.40800000000000003
20540.228836000362,0.552,0.4
20540.229102690817,0.544,0.40800000000000003
20540.229369381268,0.552,0.41600000000000004
20540.229636071723,0.536,0.4
20540.229902762174,0.552,0.4
20540.23016945263,0.544,0.41600000000000004
20540.23043614308,0.536,0.4
20540.230702833534,0.56,0.41600000000000004
20540.230969523986,0.544,0.41600000000000004
20540.23123621444,0.56,0.4
20540.23150290489,0.552,0.41600000000000004
20540.231769595346,0.536,0.4
20540.232036285797,0.544,0.4
20540.232302976252,0.56,0.40800000000000003
20540.232569666703,0.552,0.4
20540.232836357158,0.536,0.41600000000000004
20540.23310304761,0.544,0.41600000000000004
20540.233369738064,0.56,0.4
20540.233636428515,0.544,0.4
20540.23390311897,0.56,0.41600000000000004
20540.23416980942,0.552,0.41600000000000004
20540.234436499875,0.544,0.4
20540.234703190326,0.56,0.4
20540.23496988078,0.536,0.41600000000000004
20540.235236571232,0.544,0.4
20540.235503261687,0.56,0.41600000000000004
20540.235769952138,0.536,0.40800000000000003
20540.236036642593,0.552,0.41600000000000004
20540.236303333044,0.536,0.4
20540.2365700235,0.56,0.41600000000000004
20540.23683671395,0.544,0.41600000000000004
20540.237103404404,0.56,0.4
20540.237370094856,0.536,0.41600000000000004
20540.23763678531,0.56,0.4
20540.23790347576,0.536,0.41600000000000004
20540.238170166213,0.56,0.4
20540.238436856667,0.544,0.4
20540.23870354712,0.56,0.41600000000000004
20540.238970237573,0.536,0.4
20540.239236928024,0.552,0.41600000000000004
20540.23950361848,0.544,0.4
20540.23977030893,0.552,0.41600000000000004
20540.240036999385,0.552,0.41600000000000004
20540.240303689836,0.536,0.4
20540.24057038029,0.536,0.41600000000000004
20540.24083707074,0.552,0.4
20540.241103761196,0.56,0.41600000000000004
20540.241370451648,0.536,0.4
20540.241637142102,0.536,0.4
20540.241903832553,0.552,0.41600000000000004
20540.242170523008,0.536,0.41600000000000004
20540.24243721346,0.552,0.4
20540.242703903914,0.56,0.4
20540.242970594365,0.536,0.41600000000000004
20540.24323728482,0.536,0.4
20540.24350397527,0.56,0.41600000000000004
20540.243770665726,0.544,0.41600000000000004
20540.244037356177,0.56,0.4
20540.24430404663,0.544,0.4
20540.244570737083,0.552,0.40800000000000003
20540.244837427537,0.552,0.41600000000000004
20540.24510411799,0.536,0.4
20540.245370808443,0.536,0.4
20540.245637498894,0.552,0.41600000000000004
20540.24590418935,0.544,0.4
20540.2461708798,0.552,0.41600000000000004
20540.246437570255,0.552,0.4
20540.246704260706,0.536,0.41600000000000004
20540.24697095116,0.544,0.41600000000000004
20540.24723764161,0.56,0.4
20540.247504332066,0.56,0.4
20540.247771022518,0.536,0.41600000000000004
20540.248037712972,0.56,0.40800000000000003
20540.248304403423,0.536,0.4
20540.248571093878,0.56,0.41600000000000004
20540.24883778433,0.536,0.4
20540.249104474784,0.552,0.4
20540.249371165235,0.544,0.41600000000000004
20540.24963785569,0.544,0.4
20540.24990454614,0.56,0.41600000000000004
20540.250171236596,0.544,0.4
20540.250437927047,0.56,0.40800000000000003
20540.2507046175,0.56,0.4
20540.250971307953,0.536,0.41600000000000004
20540.251237998407,0.552,0.4
20540.25150468886,0.536,0.41600000000000004
20540.251771379313,0.536,0.4
20540.252038069764,0.552,0.41600000000000004
20540.25230476022,0.544,0.4
20540.25257145067,0.536,0.41600000000000004
20540.252838141125,0.56,0.4
20540.253104831576,0.536,0.41600000000000004
20540.25337152203,0.552,0.4
20540.25363821248,0.544,0.41600000000000004
20540.253904902936,0.544,0.41600000000000004
20540.254171593388,0.552,0.4
20540.254438283842,0.552,0.41600000000000004
20540.254704974293,0.536,0.4
20540.254971664748,0.536,0.40800000000000003
20540.2552383552,0.56,0.4
20540.255505045654,0.552,0.40800000000000003
20540.255771736105,0.536,0.4
20540.25603842656,0.56,0.4
20540.25630511701,0.536,0.40800000000000003
20540.256571807466,0.552,0.4
20540.256838497917,0.536,0.41600000000000004
20540.25710518837,0.544,0.4
20540.257371878823,0.56,0.40800000000000003
20540.257638569277,0.552,0.40800000000000003
20540.25790525973,0.536,0.4
20540.25817195018,0.552,0.4
20540.258438640634,0.536,0.41600000000000004
20540.258705331085,0.544,0.41600000000000004
20540.25897202154,0.56,0.4
20540.25923871199,0.56,0.4
20540.259505402446,0.536,0.41600000000000004
20540.259772092897,0.536,0.40800000000000003
20540.26003878335,0.552,0.41600000000000004
20540.260305473803,0.544,0.40800000000000003
20540.260572164258,0.56,0.4
20540.26083885471,0.56,0.4
20540.261105545163,0.536,0.41600000000000004
20540.261372235615,0.56,0.4
20540.26163892607,0.536,0.41600000000000004
20540.26190561652,0.56,0.4
20540.262172306975,0.536,0.40800000000000003
20540.262438997426,0.552,0.4
20540.26270568788,0.536,0.40800000000000003
20540.262972378332,0.544,0.4
20540.263239068787,0.56,0.41600000000000004
20540.263505759238,0.552,0.4
20540.263772449693,0.536,0.41600000000000004
20540.264039140144,0.552,0.4
20540.2643058306,0.536,0.41600000000000004
20540.26457252105,0.56,0.4
20540.264839211504,0.536,0.41600000000000004
20540.265105901955,0.536,0.4
20540.26537259241,0.552,0.41600000000000004
20540.26563928286,0.536,0.41600000000000004
20540.265905973316,0.56,0.4
20540.266172663767,0.552,0.41600000000000004
20540.26643935422,0.536,0.4
20540.266706044673,0.536,0.4
20540.266972735128,0.56,0.41600000000000004
20540.26723942558,0.536,0.4
20540.267506116033,0.56,0.41600000000000004
20540.267772806485,0.552,0.41600000000000004
20540.26803949694,0.536,0.4
20540.26830618739,0.544,0.41600000000000004
20540.268572877845,0.56,0.4
20540.268839568296,0.552,0.4
20540.26910625875,0.536,0.41600000000000004
20540.269372949202,0.536,0.4
20540.269639639657,0.552,0.41600000000000004
20540.269906330108,0.552,0.4
20540.270173020563,0.536,0.41600000000000004
20540.270439711014,0.544,0.4
20540.27070640147,0.56,0.41600000000000004
20540.27097309192,0.552,0.41600000000000004
20540.271239782374,0.544,0.4
20540.271506472825,0.544,0.4
20540.27177316328,0.552,0.40800000000000003
20540.27203985373,0.536,0.4
20540.272306544186,0.56,0.41600000000000004
20540.272573234637,0.552,0.4
20540.272839925092,0.536,0.40800000000000003
20540.273106615543,0.552,0.4
20540.273373305998,0.536,0.41600000000000004
20540.27363999645,0.544,0.4
20540.273906686904,0.56,0.41600000000000004
20540.274173377355,0.552,0.41600000000000004
20540.27444006781,0.536,0.4
20540.27470675826,0.536,0.4
20540.274973448715,0.56,0.41600000000000004
20540.275240139166,0.552,0.4
20540.27550682962,0.536,0.41600000000000004
20540.275773520072,0.552,0.4
20540.276040210527,0.536,0.41600000000000004
20540.276306900978,0.536,0.4
20540.276573591433,0.56,0.41600000000000004
20540.276840281884,0.56,0.4
20540.27710697234,0.544,0.41600000000000004
20540.27737366279,0.536,0.4
20540.277640353244,0.56,0.41600000000000004
20540.277907043695,0.552,0.4
20540.278173734147,0.544,0.41600000000000004
20540.2784404246,0.544,0.41600000000000004
20540.278707115052,0.56,0.4
20540.278973805507,0.536,0.4
20540.27924049596,0.552,0.41600000000000004
20540.279507186413,0.544,0.4
20540.279773876864,0.536,0.41600000000000004
20540.28004056732,0.536,0.4
20540.28030725777,0.552,0.41600000000000004
20540.280573948225,0.552,0.4
20540.280840638676,0.536,0.41600000000000004
20540.28110732913,0.536,0.41600000000000004
20540.28137401958,0.552,0.4
20540.281640710036,0.544,0.4
20540.281907400487,0.56,0.41600000000000004
20540.282174090942,0.544,0.40800000000000003
20540.282440781393,0.56,0.4
20540.282707471848,0.552,0.4
20540.2829741623,0.536,0.392
20540.283240852754,0.544,0.384
20540.283507543205,0.552,0.328
20540.28377423366,0.552,0.32
20540.28404092411,0.536,0.168
20540.284307614565,0.544,0.168
20540.284574305017,0.552,0.048
20540.28484099547,0.536,0.056
20540.285107685922,0.56,0.008
20540.285374376377,0.544,0.016
20540.28564106683,0.56,-0.008
20540.285907757283,0.552,0.0
20540.286174447734,0.536,-0.008
20540.28644113819,0.544,0.0
20540.28670782864,0.552,-0.008
20540.286974519095,0.552,-0.008
20540.287241209546,0.536,0.0
20540.2875079,0.536,0.0
20540.28777459045,0.552,-0.016
20540.288041280906,0.536,0.0
20540.288307971357,0.56,-0.016
20540.288574661812,0.536,-0.016
20540.288841352263,0.552,0.0
20540.289108042718,0.544,0.0
20540.28937473317,0.56,-0.016
20540.289641423624,0.56,0.0
20540.289908114075,0.536,-0.016
20540.29017480453,0.536,0.0
20540.29044149498,0.56,-0.016
20540.290708185436,0.544,-0.016
20540.290974875887,0.56,0.0
20540.29124156634,0.536,0.0
20540.291508256792,0.552,-0.016
20540.291774947247,0.544,0.0
20540.2920416377,0.56,-0.008
20540.292308328153,0.552,-0.008
20540.292575018604,0.536,0.0
20540.29284170906,0.552,-0.008
20540.29310839951,0.536,0.0
20540.293375089965,0.552,-0.008
20540.293641780416,0.536,0.0
20540.29390847087,0.544,-0.008
20540.29417516132,0.56,0.0
20540.294441851776,0.544,0.0
20540.294708542227,0.552,-0.016
20540.294975232682,0.552,0.0
20540.295241923133,0.536,-0.016
20540.295508613588,0.552,0.0
20540.29577530404,0.536,-0.016
20540.296041994494,0.552,0.0
20540.296308684945,0.544,-0.008
20540.2965753754,0.536,0.0
20540.29684206585,0.552,-0.016
20540.297108756306,0.544,0.0
20540.297375446757,0.56,-0.016
20540.29764213721,0.552,0.0
20540.297908827662,0.536,-0.016
20540.298175518114,0.536,0.0
20540.29844220857,0.56,-0.016
20540.29870889902,0.536,0.0
20540.298975589474,0.56,-0.016
20540.299242279925,0.536,0.0
20540.29950897038,0.56,-0.016
20540.29977566083,0.544,0.0
20540.300042351286,0.56,-0.008
20540.300309041737,0.544,-0.008
20540.30057573219,0.552,0.0
20540.300842422643,0.544,-0.016
20540.301109113097,0.56,0.0
20540.30137580355,0.544,0.0
20540.301642494003,0.56,-0.016
20540.301909184454,0.536,0.0
20540.30217587491,0.56,-0.016
20540.30244256536,0.544,0.0
20540.302709255815,0.56,-0.016
20540.302975946266,0.552,-0.016
20540.30324263672,0.536,0.0
20540.303509327172,0.544,-0.016
20540.303776017627,0.552,0.0
20540.304042708078,0.56,-0.016
20540.304309398532,0.536,0.0
20540.304576088984,0.552,-0.016
20540.30484277944,0.536,0.0
20540.30510946989,0.544,0.0
20540.305376160344,0.56,-0.016
20540.305642850795,0.552,0.0
20540.30590954125,0.544,-0.016
20540.3061762317,0.536,0.0
20540.306442922156,0.552,-0.016
20540.306709612607,0.552,0.0
20540.30697630306,0.536,-0.016
20540.307242993513,0.536,-0.016
20540.307509683968,0.552,0.0
20540.30777637442,0.544,-0.016
20540.308043064873,0.56,0.0
20540.308309755324,0.552,0.0
20540.30857644578,0.536,-0.016
20540.30884313623,0.552,0.0
20540.309109826685,0.536,-0.016
20540.309376517136,0.536,-0.016
20540.30964320759,0.56,0.0
20540.309909898042,0.56,-0.016
20540.310176588497,0.536,0.0
20540.310443278948,0.536,0.0
20540.310709969403,0.552,-0.016
20540.310976659854,0.552,-0.016
20540.31124335031,0.536,0.0
20540.31151004076,0.544,0.0
20540.311776731214,0.552,-0.016
20540.312043421665,0.544,-0.016
20540.31231011212,0.552,0.0
20540.31257680257,0.56,0.0
20540.312843493026,0.536,-0.016
20540.313110183477,0.544,-0.016
20540.31337687393,0.552,0.0
20540.313643564383,0.552,0.0
20540.313910254838,0.536,-0.016
20540.31417694529,0.552,0.0
20540.314443635743,0.536,-0.016
20540.314710326194,0.552,0.0
20540.31497701665,0.536,-0.016
20540.3152437071,0.56,0.0
20540.315510397555,0.544,-0.016
20540.315777088006,0.536,-0.016
20540.31604377846,0.56,0.0
20540.316310468912,0.552,0.0
20540.316577159367,0.544,-0.016
20540.316843849818,0.552,0.0
20540.317110540273,0.536,-0.016
20540.317377230724,0.56,-0.016
20540.31764392118,0.536,0.0
20540.31791061163,0.56,-0.016
20540.31817730208,0.536,0.0
20540.318443992535,0.544,-0.016
20540.318710682986,0.552,0.0
20540.31897737344,0.552,0.0
20540.319244063892,0.536,-0.016
20540.319510754347,0.552,0.0
20540.319777444798,0.536,-0.016
20540.320044135253,0.536,0.0
20540.320310825704,0.56,-0.016
20540.32057751616,0.552,0.0
20540.32084420661,0.544,-0.016
20540.321110897065,0.56,0.0
20540.321377587516,0.536,-0.016
20540.32164427797,0.552,-0.016
20540.32191096842,0.536,0.0
20540.322177658876,0.544,0.0
20540.322444349327,0.504,-0.016
20540.322711039782,0.52,-0.016
20540.322977730233,0.504,0.0
20540.323244420688,0.504,0.0
20540.32351111114,0.544,-0.016
20540.323777801594,0.544,0.0
20540.324044492045,0.536,-0.016
20540.3243111825,0.552,-0.016
20540.32457787295,0.536,0.0
20540.324844563405,0.552,-0.016
20540.325111253856,0.536,0.0
20540.32537794431,0.552,-0.016
20540.325644634762,0.536,0.0
20540.325911325217,0.552,-0.016
20540.326178015668,0.536,0.0
20540.326444706123,0.536,-0.016
20540.326711396574,0.552,0.0
20540.32697808703,0.536,-0.016
20540.32724477748,0.56,0.0
20540.327511467935,0.552,0.0
20540.327778158386,0.536,-0.016
20540.32804484884,0.544,-0.016
20540.32831153929,0.56,0.0
20540.328578229746,0.536,-0.016
20540.328844920197,0.552,0.0
20540.329111610652,0.536,-0.016
20540.329378301103,0.56,0.0
20540.329644991558,0.56,-0.016
20540.32991168201,0.536,0.0
20540.330178372464,0.536,0.0
20540.330445062915,0.552,-0.016
20540.33071175337,0.544,0.0
20540.33097844382,0.552,-0.016
20540.331245134275,0.552,-0.008
20540.331511824726,0.536,0.0
20540.33177851518,0.544,0.0
20540.332045205632,0.56,-0.016
20540.332311896087,0.544,-0.016
20540.332578586538,0.56,0.0
20540.332845276993,0.552,0.0
20540.333111967444,0.536,-0.016
20540.3333786579,0.552,0.0
20540.33364534835,0.536,-0.016
20540.333912038805,0.544,0.0
20540.334178729256,0.552,-0.016
20540.33444541971,0.536,-0.016
20540.33471211016,0.552,0.0
20540.334978800616,0.552,0.0
20540.335245491067,0.536,-0.016
20540.335512181522,0.536,-0.016
20540.335778871973,0.552,0.0
20540.336045562428,0.536,-0.016
20540.33631225288,0.56,0.0
20540.336578943334,0.544,0.0
20540.336845633785,0.56,-0.016
20540.33711232424,0.544,0.0
20540.33737901469,0.56,-0.016
20540.337645705145,0.536,0.0
20540.337912395597,0.552,-0.016
20540.338179086048,0.536,-0.016
20540.338445776502,0.56,0.0
20540.338712466953,0.544,0.0
20540.338979157408,0.536,-0.016
20540.33924584786,0.544,-0.016
20540.339512538314,0.56,0.0
20540.339779228765,0.552,-0.016
20540.34004591922,0.536,0.0
20540.34031260967,0.536,-0.016
20540.340579300126,0.552,0.0
20540.340845990577,0.536,-0.016
20540.34111268103,0.552,0.0
20540.341379371483,0.552,-0.016
20540.341646061937,0.536,0.0
20540.34191275239,0.536,-0.016
20540.342179442843,0.552,0.0
20540.342446133294,0.56,-0.016
20540.34271282375,0.536,0.0
20540.3429795142,0.536,-0.016
20540.343246204655,0.56,0.0
20540.343512895106,0.544,0.0
20540.34377958556,0.552,-0.016
20540.34404627601,0.536,-0.016
20540.344312966467,0.552,0.0
20540.344579656918,0.544,-0.016
20540.344846347372,0.552,0.0
20540.345113037823,0.552,-0.016
20540.34537972828,0.536,0.0
20540.34564641873,0.544,0.0
20540.345913109184,0.552,-0.016
20540.346179799635,0.552,0.0
20540.34644649009,0.536,-0.016
20540.34671318054,0.552,-0.016
20540.346979870996,0.536,0.0
20540.347246561447,0.552,-0.016
20540.3475132519,0.544,0.0
20540.347779942353,0.56,-0.016
20540.348046632807,0.536,0.0
20540.34831332326,0.536,-0.016
20540.348580013713,0.56,0.0
20540.348846704164,0.552,0.0
20540.34911339462,0.536,-0.016
20540.34938008507,0.536,0.0
20540.349646775525,0.56,-0.016
20540.349913465976,0.552,-0.008
20540.35018015643,0.536,0.024
20540.350446846882,0.544,0.024
20540.350713537337,0.552,0.128
20540.350980227788,0.536,0.14400000000000002
20540.351246918242,0.56,0.28800000000000003
20540.351513608693,0.552,0.296
20540.35178029915,0.536,0.368
20540.3520469896,0.552,0.368
20540.352313680054,0.536,0.4
20540.352580370505,0.552,0.4
20540.35284706096,0.536,0.392
20540.35311375141,0.536,0.4
20540.353380441866,0.552,0.41600000000000004
20540.353647132317,0.544,0.40800000000000003
20540.35391382277,0.56,0.4
20540.354180513223,0.544,0.4
20540.354447203677,0.56,0.41600000000000004
20540.35471389413,0.544,0.4
20540.354980584583,0.56,0.41600000000000004
20540.355247275034,0.552,0.4
20540.35551396549,0.536,0.40800000000000003
20540.35578065594,0.544,0.4
20540.356047346395,0.56,0.41600000000000004
20540.356314036846,0.544,0.4
20540.3565807273,0.56,0.41600000000000004
20540.356847417752,0.552,0.4
20540.357114108207,0.536,0.41600000000000004
20540.357380798658,0.536,0.4
20540.357647489112,0.56,0.41600000000000004
20540.357914179564,0.56,0.4
20540.358180870015,0.536,0.41600000000000004
20540.35844756047,0.552,0.41600000000000004
20540.35871425092,0.536,0.4
20540.358980941375,0.552,0.4
20540.359247631826,0.544,0.41600000000000004
20540.35951432228,0.536,0.4
20540.359781012732,0.56,0.41600000000000004
20540.360047703187,0.56,0.40800000000000003
20540.360314393638,0.536,0.4
20540.360581084093,0.544,0.4
20540.360847774544,0.552,0.41600000000000004
20540.361114465,0.552,0.41600000000000004
20540.36138115545,0.536,0.4
20540.361647845904,0.536,0.4
20540.361914536355,0.56,0.41600000000000004
20540.36218122681,0.552,0.40800000000000003
20540.36244791726,0.536,0.41600000000000004
20540.362714607716,0.552,0.4
20540.362981298167,0.536,0.41600000000000004
20540.363247988622,0.544,0.4
20540.363514679073,0.552,0.41600000000000004
20540.363781369528,0.536,0.41600000000000004
20540.36404805998,0.552,0.4
20540.364314750434,0.536,0.41600000000000004
20540.364581440885,0.56,0.4
20540.36484813134,0.536,0.4
20540.36511482179,0.552,0.41600000000000004
20540.365381512245,0.536,0.4
20540.365648202696,0.56,0.41600000000000004
20540.36591489315,0.56,0.4
20540.366181583602,0.536,0.41600000000000004
20540.366448274057,0.552,0.4
20540.366714964508,0.536,0.40800000000000003
20540.366981654963,0.544,0.4
20540.367248345414,0.552,0.40800000000000003
20540.36751503587,0.56,0.4
20540.36778172632,0.536,0.41600000000000004
20540.368048416774,0.56,0.4
20540.368315107225,0.536,0.41600000000000004
20540.36858179768,0.544,0.4
20540.36884848813,0.552,0.40800000000000003
20540.369115178586,0.544,0.4
20540.369381869037,0.56,0.41600000000000004
20540.369648559492,0.536,0.4
20540.369915249943,0.552,0.41600000000000004
20540.370181940398,0.544,0.41600000000000004
20540.37044863085,0.56,0.4
20540.370715321304,0.544,0.40800000000000003
20540.370982011755,0.552,0.41600000000000004
20540.37124870221,0.536,0.41600000000000004
20540.37151539266,0.552,0.4
20540.371782083115,0.552,0.4
20540.372048773566,0.536,0.41600000000000004
20540.37231546402,0.552,0.41600000000000004
20540.372582154472,0.536,0.4
20540.372848844927,0.544,0.4
20540.373115535378,0.56,0.41600000000000004
20540.373382225833,0.536,0.4
20540.373648916284,0.56,0.41600000000000004
20540.37391560674,0.552,0.4
20540.37418229719,0.536,0.41600000000000004
20540.374448987644,0.544,0.40800000000000003
20540.374715678096,0.56,0.4
20540.37498236855,0.544,0.4
20540.375249059,0.552,0.41600000000000004
20540.375515749456,0.544,0.41600000000000004
20540.375782439907,0.56,0.4
20540.376049130362,0.56,0.40800000000000003
20540.376315820813,0.536,0.41600000000000004
20540.376582511268,0.552,0.4
20540.37684920172,0.536,0.41600000000000004
20540.377115892174,0.552,0.4
20540.377382582625,0.544,0.41600000000000004
20540.37764927308,0.56,0.4
20540.37791596353,0.536,0.41600000000000004
20540.37818265398,0.56,0.4
20540.378449344436,0.536,0.41600000000000004
20540.378716034887,0.552,0.4
20540.378982725342,0.536,0.41600000000000004
20540.379249415793,0.56,0.41600000000000004
20540.379516106248,0.536,0.4
20540.3797827967,0.552,0.40800000000000003
20540.380049487154,0.536,0.4
20540.380316177605,0.536,0.4
20540.38058286806,0.544,0.41600000000000004
20540.38084955851,0.552,0.41600000000000004
20540.381116248966,0.536,0.4
20540.381382939417,0.536,0.41600000000000004
20540.38164962987,0.56,0.4
20540.381916320322,0.552,0.4
20540.382183010777,0.536,0.41600000000000004
20540.38244970123,0.544,0.41600000000000004
20540.382716391683,0.56,0.4
20540.382983082134,0.552,0.4
20540.38324977259,0.536,0.41600000000000004
20540.38351646304,0.544,0.41600000000000004
20540.383783153495,0.552,0.4
20540.384049843946,0.56,0.4
20540.3843165344,0.536,0.41600000000000004
20540.38458322485,0.536,0.4
20540.384849915306,0.552,0.41600000000000004
20540.385116605758,0.552,0.4
20540.385383296212,0.544,0.41600000000000004
20540.385649986663,0.536,0.41600000000000004
20540.385916677118,0.552,0.4
20540.38618336757,0.552,0.41600000000000004
20540.386450058024,0.544,0.4
20540.386716748475,0.56,0.4
20540.38698343893,0.536,0.41600000000000004
20540.38725012938,0.544,0.40800000000000003
20540.387516819836,0.552,0.4
20540.387783510287,0.544,0.4
20540.38805020074,0.56,0.41600000000000004
20540.388316891193,0.544,0.4
20540.388583581647,0.56,0.41600000000000004
20540.3888502721,0.552,0.4
20540.389116962553,0.536,0.41600000000000004
20540.389383653004,0.552,0.41600000000000004
20540.38965034346,0.536,0.40800000000000003
20540.38991703391,0.544,0.4
20540.390183724365,0.536,0.41600000000000004
20540.390450414816,0.552,0.4
20540.39071710527,0.536,0.41600000000000004
20540.39098379572,0.544,0.4
20540.391250486176,0.56,0.41600000000000004
20540.391517176628,0.544,0.41600000000000004
20540.391783867082,0.56,0.4
20540.392050557533,0.552,0.4
20540.392317247988,0.536,0.41600000000000004
20540.39258393844,0.536,0.4
20540.392850628894,0.56,0.41600000000000004
20540.393117319345,0.56,0.41600000000000004
20540.3933840098,0.536,0.4
20540.39365070025,0.56,0.40800000000000003
20540.393917390706,0.536,0.4
20540.394184081157,0.536,0.40800000000000003
20540.39445077161,0.552,0.4
20540.394717462063,0.536,0.4
20540.394984152517,0.552,0.41600000000000004
20540.39525084297,0.552,0.4
20540.395517533423,0.536,0.40800000000000003
20540.395784223874,0.536,0.40800000000000003
20540.39605091433,0.56,0.41600000000000004
20540.39631760478,0.544,0.4
20540.396584295235,0.56,0.41600000000000004
20540.396850985686,0.544,0.41600000000000004
20540.39711767614,0.56,0.40800000000000003
20540.39738436659,0.544,0.41600000000000004
20540.397651057046,0.552,0.4
20540.402886152267,0.552,0.0
20540.403131693205,0.536,-0.016
20540.403377234143,0.544,-0.016
20540.403622775077,0.56,0.0
20540.403868316014,0.56,-0.016
20540.404113856952,0.536,0.0
20540.40435939789,0.544,0.0
20540.404604938823,0.56,-0.016
20540.40485047976,0.56,-0.016
20540.4050960207,0.536,0.0
20540.405341561636,0.552,-0.016
20540.405587102574,0.536,0.0
20540.405832643508,0.544,0.0
20540.406078184446,0.56,-0.016
20540.406323725383,0.544,0.0
20540.40656926632,0.56,-0.016
20540.406814807255,0.544,0.0
20540.407060348192,0.56,-0.016
20540.40730588913,0.536,0.0
20540.407551430068,0.56,-0.016
20540.407796971,0.56,-0.008
20540.40804251194,0.536,0.024
20540.408288052877,0.536,0.032
20540.408533593814,0.552,0.14400000000000002
20540.408779134752,0.544,0.136
20540.409024675686,0.56,0.28800000000000003
20540.409270216624,0.544,0.28800000000000003
20540.40951575756,0.56,0.36
20540.4097612985,0.544,0.36
20540.410006839433,0.552,0.384
20540.41025238037,0.536,0.384
20540.410497921308,0.552,0.384
20540.410743462246,0.536,0.384
20540.410989003183,0.56,0.4
20540.411234544117,0.552,0.384
20540.411480085055,0.536,0.4
20540.411725625992,0.552,0.384
20540.41197116693,0.536,0.4
20540.412216707864,0.536,0.392
20540.4124622488,0.552,0.4
20540.41270778974,0.544,0.4
20540.412953330677,0.536,0.384
20540.41319887161,0.536,0.384
20540.41344441255,0.56,0.4
20540.413689953486,0.552,0.4
20540.413935494424,0.536,0.384
20540.41418103536,0.536,0.392
20540.414426576295,0.56,0.4
20540.414672117233,0.544,0.392
20540.41491765817,0.552,0.4
20540.415163199108,0.56,0.392
20540.415408740042,0.536,0.4
20540.41565428098,0.544,0.392
20540.415899821917,0.56,0.4
20540.416145362855,0.544,0.392
20540.416390903792,0.56,0.4
20540.416636444726,0.544,0.384
20540.416881985664,0.56,0.4
20540.4171275266,0.544,0.392
20540.41737306754,0.552,0.4
20540.417618608473,0.544,0.392
20540.41786414941,0.56,0.4
20540.41810969035,0.544,0.384
20540.418355231286,0.56,0.4
20540.41860077222,0.544,0.392
20540.418846313158,0.56,0.4
20540.419091854095,0.552,0.392
20540.419337395033,0.536,0.392
20540.41958293597,0.544,0.392
20540.419828476905,0.56,0.392
20540.420074017842,0.56,0.392
20540.42031955878,0.536,0.384
20540.420565099717,0.544,0.392
20540.42081064065,0.56,0.4
20540.42105618159,0.552,0.392
20540.421301722527,0.536,0.4
20540.421547263464,0.544,0.392
20540.4217928044,0.56,0.384
20540.422038345336,0.552,0.392
20540.422283886273,0.536,0.4
20540.42252942721,0.544,0.392
20540.42277496815,0.552,0.4
20540.423020509083,0.544,0.4
20540.42326605002,0.552,0.384
20540.423511590958,0.536,0.392
20540.423757131895,0.552,0.4
20540.424002672833,0.544,0.4
20540.424248213767,0.56,0.392
20540.424493754705,0.552,0.392
20540.424739295642,0.536,0.392
20540.42498483658,0.56,0.392
20540.425230377514,0.536,0.4
20540.42547591845,0.544,0.392
20540.42572145939,0.56,0.4
20540.425967000327,0.536,0.392
20540.42621254126,0.56,0.4
20540.4264580822,0.544,0.384
20540.426703623136,0.552,0.4
20540.426949164073,0.552,0.392
20540.42719470501,0.536,0.384
20540.427440245945,0.544,0.392
20540.427685786883,0.56,0.384
20540.42793132782,0.544,0.384
20540.428176868758,0.56,0.4
20540.428422409692,0.544,0.4
20540.42866795063,0.56,0.392
20540.428913491567,0.544,0.392
20540.429159032505,0.56,0.384
20540.429404573442,0.56,0.392
20540.429650114376,0.536,0.4
20540.429895655314,0.56,0.392
20540.43014119625,0.536,0.4
20540.43038673719,0.544,0.4
20540.430632278123,0.56,0.392
20540.43087781906,0.552,0.392
20540.43112336,0.536,0.4
20540.431368900936,0.544,0.4
20540.43161444187,0.56,0.384
20540.431859982808,0.552,0.4
20540.432105523745,0.536,0.392
20540.432351064683,0.536,0.384
20540.43259660562,0.552,0.4
20540.432842146554,0.544,0.4
20540.433087687492,0.552,0.392
20540.43333322843,0.536,0.4
20540.433578769367,0.56,0.384
20540.4338243103,0.56,0.4
20540.43406985124,0.536,0.384
20540.434315392176,0.536,0.392
20540.434560933114,0.552,0.4
20540.43480647405,0.536,0.384
20540.435052014986,0.56,0.4
20540.435297555923,0.552,0.392
20540.43554309686,0.536,0.392
20540.4357886378,0.536,0.392
20540.436034178732,0.56,0.392
20540.43627971967,0.552,0.392
20540.436525260608,0.544,0.4
20540.436770801545,0.536,0.4
20540.43701634248,0.56,0.392
20540.437261883417,0.544,0.4
20540.437507424354,0.56,0.384
20540.437752965292,0.552,0.384
20540.43799850623,0.544,0.4
20540.438244047164,0.544,0.392
20540.4384895881,0.56,0.4
20540.43873512904,0.544,0.4
20540.438980669976,0.56,0.384
20540.43922621091,0.536,0.4
20540.439471751848,0.552,0.384
20540.439717292786,0.56,0.384
20540.439962833723,0.536,0.4
20540.44020837466,0.544,0.392
20540.440453915595,0.56,0.4
20540.440699456532,0.536,0.392
20540.44094499747,0.56,0.4
20540.441190538408,0.56,0.4
20540.44143607934,0.544,0.384
20540.44168162028,0.536,0.392
20540.441927161217,0.56,0.4
20540.442172702154,0.536,0.4
20540.442418243092,0.56,0.384
20540.442663784026,0.536,0.384
20540.442909324964,0.56,0.4
20540.4431548659,0.544,0.384
20540.44340040684,0.56,0.4
20540.443645947773,0.552,0.392
20540.44389148871,0.536,0.4
20540.444137029648,0.56,0.392
20540.444382570586,0.544,0.384
20540.44462811152,0.536,0.392
20540.444873652457,0.56,0.384
20540.445119193395,0.552,0.392
20540.445364734333,0.536,0.384
20540.44561027527,0.536,0.392
20540.445855816204,0.56,0.4
20540.44610135714,0.544,0.4
20540.44634689808,0.56,0.384
20540.446592439017,0.544,0.392
20540.44683797995,0.56,0.384
20540.44708352089,0.552,0.384
20540.447329061826,0.536,0.4
20540.447574602764,0.552,0.384
20540.4478201437,0.544,0.40800000000000003
20540.448065684635,0.552,0.392
20540.448311225573,0.536,0.41600000000000004
20540.44855676651,0.544,0.4
20540.44880230745,0.536,0.392
20540.449047848382,0.544,0.392
20540.44929338932,0.56,0.4
20540.449538930257,0.56,0.392
20540.449784471195,0.536,0.384
20540.45003001213,0.536,0.384
20540.450275553067,0.552,0.4
20540.450521094004,0.56,0.4
20540.450766634942,0.536,0.384
20540.45101217588,0.56,0.384
20540.451257716813,0.536,0.4
20540.45150325775,0.544,0.392
20540.45174879869,0.56,0.4
20540.451994339626,0.536,0.392
20540.45223988056,0.552,0.384
20540.452485421498,0.544,0.392
20540.452730962435,0.56,0.384
20540.452976503373,0.544,0.4
20540.45322204431,0.56,0.384
20540.453467585245,0.552,0.4
20540.453713126182,0.544,0.384
20540.45395866712,0.544,0.392
20540.454204208057,0.56,0.392
20540.45444974899,0.552,0.392
20540.45469528993,0.536,0.4
20540.454940830867,0.544,0.392
20540.455186371804,0.552,0.4
20540.45543191274,0.536,0.384
20540.455677453676,0.56,0.4
20540.455922994614,0.544,0.392
20540.45616853555,0.56,0.4
20540.45641407649,0.552,0.392
20540.456659617423,0.536,0.4
20540.45690515836,0.544,0.4
20540.457150699298,0.56,0.384
20540.457396240236,0.544,0.384
20540.45764178117,0.552,0.4
20540.457887322107,0.536,0.392
20540.458132863045,0.552,0.4
20540.458378403982,0.552,0.4
20540.45862394492,0.544,0.384
20540.458869485854,0.544,0.4
20540.45911502679,0.56,0.384
20540.45936056773,0.56,0.4
20540.459606108667,0.536,0.384
20540.4598516496,0.536,0.384
20540.46009719054,0.56,0.4
20540.460342731476,0.544,0.392
20540.460588272414,0.56,0.392
20540.46083381335,0.544,0.392
20540.461079354285,0.56,0.392
20540.461324895223,0.544,0.392
20540.46157043616,0.56,0.4
20540.461815977098,0.536,0.392
20540.462061518032,0.56,0.4
20540.46230705897,0.544,0.4
20540.462552599907,0.552,0.384
20540.462798140845,0.544,0.392
20540.46304368178,0.56,0.4
20540.463289222716,0.544,0.392
20540.463534763654,0.56,0.4
20540.46378030459,0.544,0.392
20540.46402584553,0.56,0.4
20540.464271386463,0.536,0.392
20540.4645169274,0.56,0.4
20540.46476246834,0.536,0.392
20540.465008009276,0.552,0.4
20540.46525355021,0.552,0.392
20540.465499091148,0.536,0.4
20540.465744632085,0.536,0.392
20540.465990173023,0.552,0.4
20540.46623571396,0.544,0.4
20540.466481254894,0.552,0.392
20540.466726795832,0.552,0.392
20540.46697233677,0.536,0.4
20540.467217877707,0.544,0.4
20540.46746341864,0.56,0.384
20540.46770895958,0.544,0.384
20540.467954500516,0.56,0.4
20540.468200041454,0.536,0.4
20540.468445582388,0.56,0.384
20540.468691123326,0.544,0.392
20540.468936664263,0.56,0.376
20540.4691822052,0.536,0.376
20540.46942774614,0.552,0.304
20540.469673287073,0.544,0.296
20540.46991882801,0.56,0.16
20540.470164368948,0.544,0.14400000000000002
20540.470409909885,0.56,0.048
20540.47065545082,0.536,0.048
20540.470900991757,0.56,0.008
20540.471146532695,0.56,0.008
20540.471392073632,0.544,0.0
20540.47163761457,0.536,-0.008
20540.471883155504,0.552,0.0
20540.47212869644,0.544,-0.008
20540.47237423738,0.552,0.0
20540.472619778317,0.552,0.0
20540.47286531925,0.536,-0.016
20540.473110860188,0.552,0.0
20540.473356401126,0.536,-0.008
20540.473601942063,0.536,-0.008
20540.473847482997,0.56,0.0
20540.474093023935,0.56,-0.008
20540.474338564873,0.536,0.0
20540.47458410581,0.544,0.0
20540.474829646748,0.56,-0.016
20540.47507518768,0.536,-0.008
20540.47532072862,0.552,0.0
20540.475566269557,0.544,0.0
20540.475811810495,0.552,-0.008
20540.47605735143,0.536,-0.008
20540.476302892366,0.56,0.0
20540.476548433304,0.544,-0.016
20540.47679397424,0.56,0.0
20540.47703951518,0.56,-0.008
20540.477285056113,0.536,0.0
20540.47753059705,0.544,-0.016
20540.47777613799,0.56,0.0
20540.478021678926,0.552,0.0
20540.47826721986,0.536,-0.008
20540.478512760797,0.552,-0.008
20540.478758301735,0.536,0.0
20540.479003842673,0.552,0.0
20540.47924938361,0.536,-0.008
20540.479494924544,0.552,0.0
20540.479740465482,0.536,-0.008
20540.47998600642,0.552,0.0
20540.480231547357,0.536,-0.008
20540.48047708829,0.544,-0.008
20540.48072262923,0.56,0.0
20540.480968170166,0.56,0.0
20540.481213711104,0.536,-0.008
20540.481459252038,0.544,0.0
20540.481704792976,0.552,-0.008
20540.481950333913,0.552,0.0
20540.48219587485,0.536,-0.016
20540.48244141579,0.544,-0.016
20540.482686956722,0.536,0.0
20540.48293249766,0.544,0.0
20540.483178038598,0.56,-0.008
20540.483423579535,0.544,-0.016
20540.48366912047,0.56,0.0
20540.483914661407,0.536,-0.016
20540.484160202344,0.56,0.0
20540.484405743282,0.544,0.0
20540.48465128422,0.552,-0.016
20540.484896825154,0.56,-0.016
20540.48514236609,0.536,0.0
20540.48538790703,0.544,0.0
20540.485633447966,0.552,-0.016
20540.4858789889,0.552,0.0
20540.486124529838,0.536,-0.016
20540.486370070776,0.544,0.0
20540.486615611713,0.56,-0.016
20540.486861152647,0.544,-0.016
20540.487106693585,0.56,0.0
20540.487352234522,0.544,0.0
20540.48759777546,0.552,-0.016
20540.487843316398,0.544,-0.016
20540.48808885733,0.56,0.0
20540.48833439827,0.552,-0.016
20540.488579939207,0.536,0.0
20540.488825480144,0.56,-0.016
20540.48907102108,0.536,0.0
20540.489316562016,0.552,-0.016
20540.489562102954,0.536,0.0
20540.48980764389,0.552,-0.008
20540.49005318483,0.536,0.0
20540.490298725763,0.544,-0.016
20540.4905442667,0.56,0.0
20540.490789807638,0.536,0.0
20540.491035348576,0.552,-0.016
20540.49128088951,0.536,-0.016
20540.491526430447,0.552,0.0
20540.491771971385,0.56,-0.016
20540.492017512322,0.536,0.0
20540.492263053256,0.56,0.0
20540.492508594194,0.536,-0.016
20540.49275413513,0.56,-0.016
20540.49299967607,0.536,0.0
20540.493245217007,0.536,-0.016
20540.49349075794,0.56,0.0
20540.49373629888,0.552,0.0
20540.493981839816,0.536,-0.016
20540.494227380754,0.552,0.0
20540.494472921688,0.536,-0.016
20540.494718462625,0.544,0.0
20540.494964003563,0.56,-0.016
20540.4952095445,0.544,0.0
20540.495455085438,0.552,-0.016
20540.495700626372,0.544,-0.016
20540.49594616731,0.552,0.0
20540.496191708247,0.552,-0.016
20540.496437249185,0.536,0.0
20540.49668279012,0.552,0.0
20540.496928331057,0.536,-0.016
20540.497173871994,0.552,0.0
20540.49741941293,0.536,-0.016
20540.49766495387,0.536,0.0
20540.497910494803,0.552,-0.016
20540.49815603574,0.544,-0.008
20540.49840157668,0.56,0.0
20540.498647117616,0.56,-0.016
20540.49889265855,0.536,0.0
20540.499138199488,0.544,0.0
20540.499383740425,0.56,-0.016
20540.499629281363,0.552,0.0
20540.499874822297,0.536,-0.016
20540.500120363235,0.536,0.0
20540.500365904172,0.552,-0.016
20540.50061144511,0.544,-0.016
20540.500856986047,0.552,0.0
20540.50110252698,0.536,0.0
20540.50134806792,0.552,-0.016
20540.501593608857,0.544,-0.016
20540.501839149794,0.56,0.0
20540.50208469073,0.544,-0.016
20540.502330231666,0.552,0.0
20540.502575772603,0.544,0.0
20540.50282131354,0.56,-0.016
20540.50306685448,0.552,-0.016
20540.503312395413,0.536,0.0
20540.50355793635,0.552,0.0
20540.503803477288,0.536,-0.016
20540.504049018225,0.544,-0.016
20540.50429455916,0.552,0.0
20540.504540100097,0.544,-0.016
20540.504785641035,0.552,0.0
20540.505031181972,0.544,-0.016
20540.505276722906,0.56,0.0
20540.505522263844,0.544,0.0
20540.50576780478,0.56,-0.016
20540.50601334572,0.552,0.0
20540.506258886657,0.536,-0.016
20540.50650442759,0.536,-0.016
20540.50674996853,0.552,0.0
20540.506995509466,0.536,-0.016
20540.507241050404,0.56,0.0
20540.507486591338,0.544,-0.016
20540.507732132275,0.552,0.0
20540.507977673213,0.544,0.0
20540.50822321415,0.552,-0.016
20540.508468755088,0.536,-0.016
20540.508714296022,0.56,0.0
20540.50895983696,0.544,-0.016
20540.509205377897,0.56,0.0
20540.509450918835,0.544,-0.016
20540.50969645977,0.56,0.0
20540.509942000706,0.544,-0.016
20540.510187541644,0.552,0.0
20540.51043308258,0.544,0.0
20540.510678623516,0.552,-0.016
20540.510924164453,0.544,-0.016
20540.51116970539,0.56,0.0
20540.51141524633,0.552,0.0
20540.511660787266,0.536,-0.016
20540.5119063282,0.536,-0.016
20540.512151869138,0.56,0.0
20540.512397410075,0.56,-0.016
20540.512642951013,0.536,0.0
20540.512888491947,0.552,0.0
20540.513134032884,0.536,-0.016
20540.513379573822,0.56,-0.016
20540.51362511476,0.536,0.0
20540.513870655697,0.544,-0.016
20540.51411619663,0.552,0.0
20540.51436173757,0.536,-0.016
20540.514607278506,0.56,0.0
20540.514852819444,0.544,0.0
20540.515098360378,0.552,-0.016
20540.515343901316,0.552,0.0
20540.515589442253,0.536,-0.016
20540.51583498319,0.544,-0.016
20540.51608052413,0.56,0.0
20540.516326065062,0.544,0.0
20540.516571606,0.536,-0.016
20540.516817146938,0.536,-0.016
20540.517062687875,0.552,0.0
20540.51730822881,0.544,0.0
20540.517553769747,0.56,-0.016
20540.517799310684,0.552,0.0
20540.518044851622,0.544,-0.016
20540.518290392556,0.552,0.0
20540.518535933494,0.536,-0.016
20540.51878147443,0.552,-0.016
20540.51902701537,0.536,0.0
20540.519272556307,0.544,0.0
20540.51951809724,0.552,-0.016
20540.519763638178,0.544,-0.016
20540.520009179116,0.56,0.0
20540.520254720053,0.544,-0.016
20540.520500260987,0.552,0.0
20540.520745801925,0.552,0.0
20540.520991342863,0.544,-0.016
20540.5212368838,0.552,0.0
20540.521482424738,0.536,-0.016
20540.52172796567,0.552,-0.016
20540.52197350661,0.544,0.0
20540.522219047547,0.544,-0.016
20540.522464588485,0.56,0.0
20540.52271012942,0.536,0.0
20540.522955670356,0.552,-0.016
20540.523201211294,0.56,0.0
20540.52344675223,0.536,-0.016
20540.523692293165,0.552,0.0
20540.523937834103,0.536,-0.016
20540.52418337504,0.536,-0.016
20540.52442891598,0.56,0.0
20540.524674456916,0.56,0.0
20540.52491999785,0.544,-0.016
20540.525165538787,0.536,0.0
20540.525411079725,0.552,-0.016
20540.525656620663,0.544,-0.016
20540.525902161597,0.552,0.0
20540.526147702534,0.552,-0.016
20540.526393243472,0.536,0.0
20540.52663878441,0.552,0.0
20540.526884325347,0.536,-0.016
20540.52712986628,0.544,-0.016
20540.52737540722,0.56,0.0
20540.527620948156,0.544,-0.016
20540.527866489094,0.56,0.0
20540.528112030028,0.56,-0.016
20540.528357570965,0.536,0.0
20540.528603111903,0.56,-0.016
20540.52884865284,0.536,0.0
20540.529094193775,0.544,0.0
20540.529339734712,0.552,-0.016
20540.52958527565,0.544,-0.016
20540.529830816587,0.552,0.0
20540.530076357525,0.552,-0.016
20540.53032189846,0.536,0.0
20540.530567439397,0.544,-0.008
20540.530812980334,0.56,0.024
20540.531058521272,0.56,0.032
20540.531304062206,0.544,0.136
20540.531549603144,0.536,0.136
20540.53179514408,0.56,0.28800000000000003
20540.53204068502,0.552,0.28800000000000003
20540.532286225956,0.536,0.36
20540.53253176689,0.544,0.36
20540.532777307828,0.552,0.384
20540.533022848766,0.56,0.376
20540.533268389703,0.536,0.392
20540.533513930637,0.552,0.4
20540.533759471575,0.536,0.384
20540.534005012512,0.56,0.384
20540.53425055345,0.536,0.4
20540.534496094388,0.544,0.392
20540.53474163532,0.56,0.392
20540.53498717626,0.544,0.392
20540.535232717197,0.552,0.4
20540.535478258134,0.552,0.392
20540.53572379907,0.536,0.4
20540.535969340006,0.536,0.4
20540.536214880944,0.56,0.384
20540.53646042188,0.552,0.392
20540.536705962815,0.544,0.4
20540.536951503753,0.56,0.392
20540.53719704469,0.536,0.392
20540.537442585628,0.552,0.392
20540.537688126566,0.536,0.4
20540.5379336675,0.536,0.392
20540.538179208437,0.56,0.392
20540.538424749375,0.56,0.392
20540.538670290312,0.536,0.4
20540.538915831246,0.552,0.392
20540.539161372184,0.536,0.4
20540.53940691312,0.56,0.392
20540.53965245406,0.536,0.4
20540.539897994997,0.544,0.392
20540.54014353593,0.552,0.4
20540.54038907687,0.544,0.392
20540.540634617806,0.552,0.392
20540.540880158744,0.552,0.384
20540.541125699678,0.536,0.4
20540.541371240615,0.544,0.384
20540.541616781553,0.56,0.4
20540.54186232249,0.56,0.4
20540.542107863424,0.536,0.392
20540.542353404362,0.552,0.392
20540.5425989453,0.536,0.384
20540.542844486237,0.544,0.384
20540.543090027175,0.56,0.4
20540.54333556811,0.56,0.392
20540.543581109046,0.536,0.4
20540.543826649984,0.552,0.392
20540.54407219092,0.536,0.4
20540.544317731856,0.544,0.4
20540.544563272793,0.56,0.384
20540.54480881373,0.56,0.392
20540.54505435467,0.536,0.4
20540.545299895606,0.544,0.392
20540.54554543654,0.552,0.4
20540.545790977478,0.536,0.384
20540.546036518415,0.56,0.4
20540.546282059353,0.544,0.392
20540.546527600287,0.56,0.4
20540.546773141225,0.552,0.392
20540.547018682162,0.536,0.392
20540.5472642231,0.544,0.392
20540.547509764034,0.56,0.392
20540.54775530497,0.56,0.392
20540.54800084591,0.536,0.392
20540.548246386847,0.536,0.392
20540.548491927784,0.56,0.4
20540.548737468718,0.552,0.392
20540.548983009656,0.536,0.392
20540.549228550593,0.552,0.392
20540.54947409153,0.536,0.384
20540.549719632465,0.544,0.392
20540.549965173403,0.56,0.4
20540.55021071434,0.544,0.392
20540.550456255278,0.536,0.4
20540.550701796215,0.536,0.392
20540.55094733715,0.56,0.384
20540.551192878087,0.544,0.384
20540.551438419025,0.56,0.4
20540.551683959962,0.552,0.392
20540.551929500896,0.536,0.392
20540.552175041834,0.544,0.384
20540.55242058277,0.552,0.4
20540.55266612371,0.536,0.384
20540.552911664647,0.56,0.4
20540.55315720558,0.544,0.4
20540.55340274652,0.56,0.392
20540.553648287456,0.552,0.392
20540.553893828393,0.536,0.4
20540.554139369327,0.544,0.392
20540.554384910265,0.552,0.4
20540.554630451203,0.552,0.392
20540.55487599214,0.536,0.384
20540.555121533074,0.544,0.392
20540.555367074012,0.56,0.4
20540.55561261495,0.536,0.4
20540.555858155887,0.56,0.384
20540.556103696825,0.544,0.392
20540.55634923776,0.56,0.4
20540.556594778696,0.536,0.384
20540.556840319634,0.56,0.4
20540.55708586057,0.544,0.392
20540.557331401506,0.552,0.4
20540.557576942443,0.56,0.392
20540.55782248338,0.536,0.4
20540.55806802432,0.552,0.4
20540.558313565256,0.544,0.384
20540.55855910619,0.536,0.392
20540.558804647128,0.552,0.4
20540.559050188065,0.536,0.4
20540.559295729003,0.552,0.384
20540.559541269937,0.56,0.392
20540.559786810874,0.536,0.392
20540.560032351812,0.544,0.392
20540.56027789275,0.552,0.4
20540.560523433684,0.544,0.384
20540.56076897462,0.552,0.4
20540.56101451556,0.56,0.392
20540.561260056496,0.536,0.4
20540.561505597434,0.544,0.4
20540.561751138368,0.552,0.384
20540.561996679306,0.544,0.392
20540.562242220243,0.56,0.392
20540.56248776118,0.56,0.392
20540.562733302115,0.536,0.4
20540.562978843052,0.544,0.392
20540.56322438399,0.56,0.392
20540.563469924928,0.552,0.392
20540.563715465865,0.536,0.4
20540.5639610068,0.544,0.4
20540.564206547737,0.56,0.384
20540.564452088674,0.544,0.4
20540.564697629612,0.56,0.392
20540.564943170546,0.544,0.392
20540.565188711484,0.552,0.4
20540.56543425242,0.544,0.392
20540.56567979336,0.56,0.384
20540.565925334293,0.552,0.392
20540.56617087523,0.536,0.4
20540.566416416168,0.544,0.392
20540.566661957106,0.552,0.384
20540.566907498043,0.56,0.392
20540.567153038977,0.544,0.4
20540.567398579915,0.536,0.4
20540.567644120852,0.552,0.392
20540.56788966179,0.536,0.392
20540.568135202724,0.552,0.4
20540.56838074366,0.552,0.392
20540.5686262846,0.536,0.4
20540.568871825537,0.544,0.4
20540.569117366475,0.552,0.384
20540.56936290741,0.544,0.384
20540.569608448346,0.56,0.4
20540.569853989284,0.552,0.4
20540.57009953022,0.536,0.392
20540.570345071155,0.536,0.4
20540.570590612093,0.56,0.384
20540.57083615303,0.536,0.4
20540.571081693968,0.56,0.392
20540.571327234906,0.552,0.4
20540.57157277584,0.536,0.384
20540.571818316777,0.536,0.392
20540.572063857715,0.552,0.392
20540.572309398653,0.56,0.392
20540.572554939587,0.536,0.384
20540.572800480524,0.536,0.384
20540.57304602146,0.56,0.392
20540.5732915624,0.552,0.392
20540.573537103333,0.536,0.4
20540.57378264427,0.552,0.392
20540.57402818521,0.544,0.384
20540.574273726146,0.536,0.392
20540.574519267084,0.56,0.392
20540.574764808018,0.56,0.4
20540.575010348955,0.536,0.384
20540.575255889893,0.56,0.384
20540.57550143083,0.536,0.4
20540.575746971765,0.544,0.392
20540.575992512702,0.56,0.392
20540.57623805364,0.56,0.384
20540.576483594577,0.536,0.4
20540.576729135515,0.56,0.4
20540.57697467645,0.536,0.384
20540.577220217387,0.552,0.392
20540.577465758324,0.536,0.392
20540.577711299262,0.544,0.4
20540.577956840196,0.536,0.392
20540.578202381133,0.536,0.4
20540.57844792207,0.552,0.392
20540.57869346301,0.56,0.392
20540.578939003943,0.536,0.4
20540.57918454488,0.536,0.392
20540.579430085818,0.56,0.4
20540.579675626755,0.536,0.392
20540.579921167693,0.56,0.424
20540.580166708627,0.544,0.4
20540.580412249565,0.56,0.392
20540.580657790502,0.544,0.384
20540.58090333144,0.56,0.4
20540.581148872374,0.536,0.384
20540.58139441331,0.552,0.4
20540.58163995425,0.544,0.384
20540.581885495187,0.56,0.392
20540.582131036124,0.56,0.384
20540.58237657706,0.536,0.4
20540.582622117996,0.536,0.392
20540.582867658934,0.552,0.4
20540.58311319987,0.544,0.4
20540.583358740805,0.56,0.384
20540.583604281743,0.552,0.392
20540.58384982268,0.536,0.4
20540.584095363618,0.536,0.392
20540.584340904552,0.56,0.4
20540.58458644549,0.552,0.392
20540.584831986427,0.536,0.384
20540.585077527365,0.544,0.384
20540.585323068302,0.56,0.4
20540.585568609236,0.56,0.392
20540.585814150174,0.536,0.4
20540.58605969111,0.56,0.392
20540.58630523205,0.536,0.4
20540.586550772983,0.552,0.392
20540.58679631392,0.536,0.4
20540.58704185486,0.536,0.392
20540.587287395796,0.56,0.384
20540.587532936734,0.544,0.392
20540.587778477668,0.56,0.4
20540.588024018605,0.536,0.392
20540.588269559543,0.56,0.392
20540.58851510048,0.544,0.384
20540.588760641414,0.56,0.4
20540.589006182352,0.552,0.384
20540.58925172329,0.536,0.4
20540.589497264227,0.536,0.392
20540.589742805165,0.56,0.4
20540.5899883461,0.552,0.384
20540.590233887036,0.536,0.4
20540.590479427974,0.552,0.392
20540.59072496891,0.536,0.392
20540.590970509846,0.544,0.392
20540.591216050783,0.56,0.4
20540.59146159172,0.552,0.392
20540.59170713266,0.536,0.376
20540.591952673592,0.56,0.368
20540.59219821453,0.536,0.304
20540.592443755468,0.552,0.296
20540.592689296405,0.536,0.152
20540.592934837343,0.552,0.14400000000000002
20540.593180378277,0.536,0.048
20540.593425919214,0.544,0.048
20540.593671460152,0.56,0.0
20540.59391700109,0.552,0.008
20540.594162542024,0.536,-0.008
20540.59440808296,0.544,0.0
20540.5946536239,0.56,-0.008
20540.594899164837,0.56,-0.008
20540.595144705774,0.536,0.0
20540.595390246708,0.544,0.0
20540.595635787646,0.56,-0.008
20540.595881328583,0.56,0.0
20540.59612686952,0.536,-0.008
20540.596372410455,0.544,0.0
20540.596617951393,0.56,-0.008
20540.59686349233,0.536,0.0
20540.597109033268,0.56,-0.008
20540.5973545742,0.552,-0.008
20540.59760011514,0.536,0.0
20540.597845656077,0.544,-0.016
20540.598091197015,0.56,0.0
20540.598336737952,0.56,0.0
20540.598582278886,0.536,-0.008
20540.598827819824,0.56,0.0
20540.59907336076,0.536,-0.016
20540.5993189017,0.552,-0.016
20540.599564442633,0.536,0.0
20540.59980998357,0.544,0.0
20540.60005552451,0.56,-0.016
20540.600301065446,0.544,-0.016
20540.600546606383,0.56,0.0
20540.600792147317,0.544,0.0
20540.601037688255,0.56,-0.016
20540.601283229193,0.552,0.0
20540.60152877013,0.536,-0.016
20540.601774311064,0.552,-0.008
20540.602019852002,0.536,0.0
20540.60226539294,0.536,-0.008
20540.602510933877,0.552,0.0
20540.60275647481,0.552,0.0
20540.60300201575,0.536,-0.008
20540.603247556686,0.544,0.0
20540.603493097624,0.552,-0.008
20540.60373863856,0.552,0.0
20540.603984179495,0.536,-0.008
20540.604229720433,0.544,0.0
20540.60447526137,0.552,-0.016
20540.60472080231,0.536,-0.008
20540.604966343242,0.552,0.0
20540.60521188418,0.544,0.0
20540.605457425117,0.56,-0.008
20540.605702966055,0.544,0.0
20540.605948506993,0.56,-0.016
20540.606194047927,0.552,-0.016
20540.606439588864,0.536,0.0
20540.606685129802,0.536,-0.016
20540.60693067074,0.56,0.0
20540.607176211674,0.544,0.0
20540.60742175261,0.56,-0.016
20540.60766729355,0.536,0.0
20540.607912834486,0.552,-0.016
20540.608158375424,0.544,0.0
20540.608403916358,0.56,-0.016
20540.608649457296,0.552,-0.008
20540.608894998233,0.536,0.0
20540.60914053917,0.544,-0.008
20540.609386080105,0.56,0.0
20540.609631621042,0.544,-0.016
20540.60987716198,0.56,0.0
20540.610122702918,0.544,0.0
20540.61036824385,0.536,-0.016
20540.61061378479,0.56,0.0
20540.610859325727,0.536,-0.016
20540.611104866664,0.56,-0.016
20540.611350407602,0.536,0.0
20540.611595948536,0.552,-0.016
20540.611841489474,0.536,0.0
20540.61208703041,0.56,0.0
20540.61233257135,0.544,-0.016
20540.612578112283,0.544,0.0
20540.61282365322,0.552,-0.016
20540.613069194158,0.552,0.0
20540.613314735096,0.536,-0.016
20540.613560276033,0.552,-0.016
20540.613805816967,0.544,0.0
20540.614051357905,0.552,-0.016
20540.614296898842,0.536,0.0
20540.61454243978,0.552,0.0
20540.614787980714,0.536,-0.016
20540.61503352165,0.552,-0.016
20540.61527906259,0.536,0.0
20540.615524603527,0.544,0.0
20540.61577014446,0.56,-0.016
20540.6160156854,0.544,0.0
20540.616261226336,0.552,-0.016
20540.616506767274,0.56,0.0
20540.61675230821,0.536,-0.016
20540.616997849145,0.544,-0.016
20540.617243390083,0.56,0.0
20540.61748893102,0.552,0.0
20540.617734471958,0.536,-0.016
20540.617980012892,0.544,-0.016
20540.61822555383,0.552,0.0
20540.618471094767,0.544,-0.016
20540.618716635705,0.56,0.0
20540.618962176643,0.552,-0.016
20540.619207717577,0.536,0.0
20540.619453258514,0.536,0.0
20540.61969879945,0.56,-0.016
20540.61994434039,0.544,-0.016
20540.620189881323,0.56,0.0
20540.62043542226,0.536,0.0
20540.6206809632,0.56,-0.016
20540.620926504136,0.544,0.0
20540.62117204507,0.56,-0.016
20540.621417586008,0.552,-0.016
20540.621663126945,0.536,0.0
20540.621908667883,0.544,0.0
20540.62215420882,0.56,-0.016
20540.622399749755,0.56,0.0
20540.622645290692,0.536,-0.016
20540.62289083163,0.544,0.0
20540.623136372567,0.552,-0.016
20540.6233819135,0.552,0.0
20540.62362745444,0.536,-0.008
20540.623872995377,0.544,-0.016
20540.624118536314,0.56,0.0
20540.62436407725,0.536,-0.016
20540.624609618186,0.552,0.0
20540.624855159123,0.536,-0.016
20540.62510070006,0.56,0.0
20540.625346241,0.544,-0.016
20540.625591781933,0.56,0.0
20540.62583732287,0.544,0.0
20540.626082863808,0.56,-0.016
20540.626328404745,0.56,-0.016
20540.626573945683,0.536,0.0
20540.626819486617,0.544,0.0
20540.627065027555,0.56,-0.016
20540.627310568492,0.544,0.0
20540.62755610943,0.552,-0.016
20540.627801650364,0.544,0.0
20540.6280471913,0.552,-0.016
20540.62829273224,0.552,0.0
20540.628538273177,0.536,-0.016
20540.62878381411,0.536,0.0
20540.62902935505,0.56,-0.016
20540.629274895986,0.552,0.0
20540.629520436923,0.536,-0.016
20540.62976597786,0.536,0.0
20540.630011518795,0.56,-0.016
20540.630257059733,0.536,0.0
20540.63050260067,0.56,-0.016
20540.630748141608,0.544,-0.016
20540.630993682542,0.56,0.0
20540.63123922348,0.552,-0.016
20540.631484764417,0.536,0.0
20540.631730305355,0.536,-0.016
20540.631975846292,0.56,0.0
20540.632221387226,0.536,-0.016
20540.632466928164,0.552,0.0
20540.6327124691,0.536,0.0
20540.63295801004,0.56,-0.016
20540.633203550973,0.536,-0.016
20540.63344909191,0.552,0.0
20540.63369463285,0.536,-0.016
20540.633940173786,0.56,0.0
20540.63418571472,0.544,0.0
20540.634431255658,0.552,-0.016
20540.634676796595,0.544,-0.016
20540.634922337533,0.552,0.0
20540.63516787847,0.552,0.0
20540.635413419404,0.536,-0.016
20540.635658960342,0.552,-0.016
20540.63590450128,0.536,0.0
20540.636150042217,0.56,0.0
20540.63639558315,0.536,-0.016
20540.63664112409,0.56,0.0
20540.636886665026,0.536,-0.016
20540.637132205964,0.544,-0.016
20540.6373777469,0.56,0.0
20540.637623287836,0.544,0.0
20540.637868828773,0.552,-0.016
20540.63811436971,0.544,-0.016
20540.63835991065,0.552,0.0
20540.638605451582,0.552,0.0
20540.63885099252,0.536,-0.016
20540.639096533458,0.544,0.0
20540.639342074395,0.56,-0.016
20540.63958761533,0.56,-0.016
20540.639833156267,0.536,0.0
20540.640078697204,0.544,0.0
20540.640324238142,0.536,-0.016
20540.64056977908,0.544,-0.016
20540.640815320014,0.56,0.0
20540.64106086095,0.56,0.0
20540.64130640189,0.536,-0.016
20540.641551942826,0.536,-0.016
20540.64179748376,0.56,0.0
20540.642043024698,0.544,-0.016
20540.642288565636,0.56,0.0
20540.642534106573,0.552,0.0
20540.64277964751,0.536,-0.016
20540.643025188445,0.544,-0.016
20540.643270729382,0.56,0.0
20540.64351627032,0.552,0.0
20540.643761811258,0.536,-0.016
20540.64400735219,0.536,-0.016
20540.64425289313,0.552,0.0
20540.644498434067,0.552,0.0
20540.644743975005,0.536,-0.016
20540.644989515942,0.536,0.0
20540.645235056876,0.56,-0.016
20540.645480597814,0.536,0.0
20540.64572613875,0.56,-0.016
20540.64597167969,0.552,0.0
20540.646217220623,0.536,-0.016
20540.64646276156,0.552,0.0
20540.646708302498,0.536,-0.016
20540.646953843436,0.536,0.0
20540.64719938437,0.56,-0.016
20540.647444925307,0.56,0.0
20540.647690466245,0.536,-0.016
20540.647936007183,0.552,-0.016
20540.64818154812,0.536,0.0
20540.648427089054,0.544,0.0
20540.64867262999,0.56,-0.016
20540.64891817093,0.552,-0.016
20540.649163711867,0.536,0.0
20540.6494092528,0.544,-0.016
20540.64965479374,0.56,-0.008
20540.649900334676,0.56,-0.016
20540.650145875614,0.536,-0.008
20540.65039141655,0.544,-0.016
20540.650636957485,0.552,0.0
20540.650882498423,0.56,-0.016
20540.65112803936,0.536,0.0
20540.6513735803,0.552,0.0
20540.651619121232,0.536,-0.016
20540.65186466217,0.56,-0.016
20540.652110203107,0.536,0.0
20540.652355744045,0.544,0.0
20540.65260128498,0.56,-0.016
20540.652846825917,0.536,0.0
20540.653092366854,0.56,-0.016
20540.653337907792,0.544,-0.008
20540.65358344873,0.56,0.024
20540.653828989663,0.536,0.032
20540.6540745306,0.552,0.136
20540.65432007154,0.544,0.136
20540.654565612476,0.552,0.28800000000000003
20540.65481115341,0.552,0.28800000000000003
20540.655056694348,0.536,0.36
20540.655302235285,0.544,0.36
20540.655547776223,0.552,0.384
20540.65579331716,0.56,0.384
20540.656038858095,0.536,0.392
20540.656284399032,0.552,0.384
20540.65652993997,0.536,0.4
20540.656775480908,0.552,0.384
20540.65702102184,0.536,0.392
20540.65726656278,0.536,0.392
20540.657512103717,0.56,0.384
20540.657757644654,0.56,0.4
20540.65800318559,0.536,0.392
20540.658248726526,0.552,0.4
20540.658494267464,0.536,0.384
20540.6587398084,0.544,0.392
20540.65898534934,0.56,0.384
20540.659230890273,0.552,0.392
20540.65947643121,0.536,0.4
20540.659721972148,0.536,0.392
20540.659967513086,0.552,0.4
20540.66021305402,0.544,0.4
20540.660458594957,0.56,0.392
20540.660704135895,0.552,0.392
20540.660949676832,0.536,0.4
20540.66119521777,0.552,0.4
20540.661440758704,0.536,0.384
20540.66168629964,0.552,0.384
20540.66193184058,0.536,0.392
20540.662177381517,0.544,0.384
20540.66242292245,0.552,0.4
20540.66266846339,0.544,0.4
20540.662914004326,0.56,0.384
20540.663159545264,0.536,0.392
20540.6634050862,0.56,0.4
20540.663650627135,0.536,0.384
20540.663896168073,0.552,0.4
20540.66414170901,0.544,0.4
20540.664387249948,0.56,0.392
20540.664632790882,0.552,0.392
20540.66487833182,0.536,0.4
20540.665123872757,0.552,0.392
20540.665369413695,0.536,0.384
20540.66561495463,0.56,0.392
20540.665860495566,0.536,0.384
20540.666106036504,0.56,0.392
20540.66635157744,0.536,0.4
20540.66659711838,0.544,0.392
20540.666842659313,0.56,0.4
20540.66708820025,0.536,0.4
20540.66733374119,0.552,0.384
20540.667579282126,0.552,0.392
20540.66782482306,0.544,0.4
20540.668070363998,0.536,0.392
20540.668315904935,0.56,0.4
20540.668561445873,0.536,0.4
20540.66880698681,0.552,0.384
20540.669052527744,0.552,0.4
20540.669298068682,0.536,0.384
20540.66954360962,0.552,0.384
20540.669789150557,0.536,0.4
20540.67003469149,0.544,0.4
20540.67028023243,0.552,0.44
20540.670525773367,0.56,0.448
20540.670771314304,0.536,0.41600000000000004
20540.671016855238,0.544,0.448
20540.671262396176,0.56,0.41600000000000004
20540.671507937113,0.544,0.41600000000000004
20540.67175347805,0.56,0.456
20540.67199901899,0.56,0.456
20540.672244559923,0.536,0.432
20540.67249010086,0.552,0.456
20540.672735641798,0.536,0.40800000000000003
20540.672981182735,0.536,0.41600000000000004
20540.67322672367,0.56,0.392
20540.673472264607,0.552,0.384
20540.673717805545,0.536,0.4
20540.673963346482,0.544,0.384
20540.67420888742,0.552,0.392
20540.674454428354,0.544,0.392
20540.67469996929,0.56,0.384
20540.67494551023,0.552,0.392
20540.675191051167,0.536,0.384
20540.6754365921,0.544,0.384
20540.67568213304,0.56,0.4
20540.675927673976,0.544,0.392
20540.676173214913,0.56,0.4
20540.676418755847,0.536,0.392
20540.676664296785,0.552,0.392
20540.676909837723,0.552,0.392
20540.67715537866,0.536,0.4
20540.677400919598,0.544,0.392
20540.677646460532,0.56,0.4
20540.67789200147,0.56,0.4
20540.678137542407,0.544,0.384
20540.678383083345,0.552,0.392
20540.67862862428,0.536,0.384
20540.678874165216,0.536,0.392
20540.679119706154,0.552,0.4
20540.67936524709,0.544,0.384
20540.67961078803,0.56,0.392
20540.679856328963,0.552,0.4
20540.6801018699,0.536,0.384
20540.68034741084,0.552,0.392
20540.680592951776,0.536,0.4
20540.68083849271,0.544,0.392
20540.681084033647,0.56,0.4
20540.681329574585,0.552,0.392
20540.681575115523,0.536,0.4
20540.68182065646,0.544,0.392
20540.682066197394,0.56,0.392
20540.682311738332,0.544,0.392
20540.68255727927,0.552,0.392
20540.682802820207,0.544,0.384
20540.68304836114,0.56,0.4
20540.68329390208,0.552,0.4
20540.683539443016,0.536,0.384
20540.683784983954,0.544,0.392
20540.684030524888,0.56,0.392
20540.684276065826,0.552,0.4
20540.684521606763,0.536,0.384
20540.6847671477,0.536,0.392
20540.68501268864,0.552,0.4
20540.685258229572,0.536,0.392
20540.68550377051,0.56,0.4
20540.685749311448,0.56,0.4
20540.685994852385,0.536,0.384
20540.68624039332,0.552,0.384
20540.686485934257,0.536,0.4
20540.686731475194,0.544,0.392
20540.686977016132,0.56,0.4
20540.68722255707,0.544,0.392
20540.687468098004,0.552,0.4
20540.68771363894,0.544,0.392
20540.68795917988,0.56,0.4
20540.688204720816,0.552,0.384
20540.68845026175,0.536,0.4
20540.688695802688,0.536,0.392
20540.688941343626,0.56,0.4
20540.689186884563,0.56,0.4
20540.689432425497,0.536,0.384
20540.689677966435,0.552,0.384
20540.689923507372,0.536,0.4
20540.69016904831,0.536,0.392
20540.690414589248,0.56,0.392
20540.69066013018,0.552,0.392
20540.69090567112,0.544,0.384
20540.691151212057,0.544,0.4
20540.691396752994,0.56,0.384
20540.69164229393,0.536,0.4
20540.691887834866,0.56,0.384
20540.692133375804,0.544,0.384
20540.69237891674,0.552,0.4
20540.69262445768,0.544,0.4
20540.692869998613,0.56,0.384
20540.69311553955,0.536,0.384
20540.693361080488,0.56,0.392
20540.693606621426,0.56,0.392
20540.69385216236,0.536,0.4
20540.694097703297,0.552,0.4
20540.694343244235,0.544,0.384
20540.694588785173,0.544,0.392
20540.694834326107,0.552,0.4
20540.695079867044,0.552,0.392
20540.69532540798,0.536,0.4
20540.69557094892,0.56,0.4
20540.695816489857,0.536,0.384
20540.69606203079,0.536,0.392
20540.69630757173,0.56,0.4
20540.696553112666,0.552,0.4
20540.696798653604,0.536,0.384
20540.697044194538,0.544,0.392
20540.697289735475,0.552,0.4
20540.702476739883,0.512,-0.008
20540.70274298211,0.544,-0.016
20540.703009224337,0.536,-0.016
20540.70327546656,0.504,0.0
20540.703541708786,0.512,-0.016
20540.703807951013,0.536,0.0
20540.70407419324,0.536,-0.016
20540.704340435466,0.52,0.0
20540.704606677693,0.536,-0.016
20540.704872919916,0.52,0.0
20540.705139162143,0.528,-0.008
20540.70540540437,0.512,-0.016
20540.705671646596,0.512,-0.016
20540.705937888823,0.544,0.0
20540.706204131046,0.544,-0.008
20540.706470373272,0.52,-0.016
20540.7067366155,0.512,-0.016
20540.707002857725,0.56,0.0
20540.707269099952,0.544,-0.016
20540.707535342175,0.56,0.0
20540.7078015844,0.544,-0.008
20540.70806782663,0.56,0.032
20540.708334068855,0.544,0.04
20540.70860031108,0.552,0.168
20540.70886655331,0.544,0.176
20540.70913279553,0.56,0.32
20540.709399037758,0.544,0.32
20540.709665279985,0.56,0.392
20540.70993152221,0.552,0.392
20540.710197764438,0.528,0.40800000000000003
20540.71046400666,0.536,0.40800000000000003
20540.710730248888,0.504,0.424
20540.710996491114,0.504,0.424
20540.71126273334,0.536,0.40800000000000003
20540.711528975567,0.528,0.432
20540.71179521779,0.552,0.392
20540.712061460017,0.536,0.384
20540.712327702244,0.552,0.36
20540.71259394447,0.552,0.36
20540.712860186697,0.536,0.352
20540.713126428924,0.544,0.36
20540.713392671147,0.512,0.34400000000000003
20540.713658913373,0.528,0.36
20540.7139251556,0.504,0.352
20540.714191397827,0.52,0.36
20540.714457640053,0.504,0.368
20540.714723882276,0.512,0.368
20540.714990124503,0.504,0.4
20540.71525636673,0.504,0.4
20540.715522608956,0.52,0.424
20540.715788851183,0.504,0.424
20540.716055093406,0.52,0.41600000000000004
20540.716321335633,0.52,0.40800000000000003
20540.71658757786,0.504,0.424
20540.716853820086,0.504,0.424
20540.717120062312,0.512,0.40800000000000003
20540.71738630454,0.504,0.41600000000000004
20540.717652546762,0.544,0.40800000000000003
20540.71791878899,0.544,0.424
20540.718185031215,0.528,0.40800000000000003
20540.718451273442,0.536,0.432
20540.71871751567,0.544,0.392
20540.71898375789,0.544,0.392
20540.71925000012,0.504,0.368
20540.719516242345,0.528,0.376
20540.71978248457,0.504,0.41600000000000004
20540.7200487268,0.52,0.41600000000000004
20540.72031496902,0.504,0.392
20540.720581211248,0.504,0.376
20540.720847453475,0.52,0.40800000000000003
20540.7211136957,0.536,0.40800000000000003
20540.721379937928,0.496,0.376
20540.721646180154,0.504,0.376
20540.721912422377,0.52,0.36
20540.722178664604,0.504,0.36
20540.72244490683,0.52,0.368
20540.722711149057,0.52,0.36
20540.722977391284,0.496,0.36
20540.723243633507,0.504,0.36
20540.723509875734,0.52,0.36
20540.72377611796,0.496,0.36
20540.724042360187,0.528,0.352
20540.724308602414,0.512,0.36
20540.72457484464,0.52,0.36
20540.724841086863,0.512,0.36
20540.72510732909,0.536,0.36
20540.725373571317,0.528,0.36
20540.725639813543,0.544,0.36
20540.72590605577,0.536,0.36
20540.726172297993,0.52,0.36
20540.72643854022,0.528,0.36
20540.726704782446,0.512,0.352
20540.726971024673,0.52,0.36
20540.7272372669,0.544,0.36
20540.727503509122,0.536,0.36
20540.72776975135,0.512,0.36
20540.728035993576,0.504,0.36
20540.728302235802,0.512,0.36
20540.72856847803,0.504,0.36
20540.728834720256,0.52,0.36
20540.72910096248,0.496,0.36
20540.729367204705,0.52,0.368
20540.729633446932,0.504,0.36
20540.72989968916,0.512,0.36
20540.730165931385,0.504,0.36
20540.73043217361,0.52,0.36
20540.730698415835,0.504,0.36
20540.73096465806,0.52,0.36
20540.73123090029,0.512,0.36
20540.731497142515,0.496,0.36
20540.731763384738,0.496,0.36
20540.732029626965,0.512,0.36
20540.73229586919,0.496,0.36
20540.732562111418,0.512,0.36
20540.732828353644,0.504,0.36
20540.73309459587,0.52,0.36
20540.733360838094,0.512,0.36
20540.73362708032,0.496,0.36
20540.733893322547,0.496,0.36
20540.734159564774,0.52,0.36
20540.734425807,0.504,0.36
20540.734692049224,0.512,0.352
20540.73495829145,0.52,0.36
20540.735224533677,0.504,0.36
20540.735490775904,0.504,0.36
20540.73575701813,0.528,0.36
20540.736023260353,0.52,0.36
20540.73628950258,0.544,0.352
20540.736555744807,0.544,0.368
20540.736821987033,0.512,0.4
20540.73708822926,0.528,0.4
20540.737354471486,0.504,0.40800000000000003
20540.73762071371,0.496,0.40800000000000003
20540.737886955936,0.52,0.424
20540.738153198163,0.528,0.40800000000000003
20540.73841944039,0.504,0.41600000000000004
20540.738685682616,0.496,0.432
20540.73895192484,0.528,0.40800000000000003
20540.739218167066,0.528,0.424
20540.739484409292,0.544,0.40800000000000003
20540.73975065152,0.528,0.424
20540.740016893746,0.552,0.40800000000000003
20540.74028313597,0.544,0.41600000000000004
20540.740549378195,0.52,0.432
20540.740815620422,0.512,0.40800000000000003
20540.74108186265,0.552,0.424
20540.741348104875,0.536,0.41600000000000004
20540.741614347102,0.552,0.424
20540.741880589325,0.536,0.424
20540.74214683155,0.552,0.41600000000000004
20540.742413073778,0.544,0.41600000000000004
20540.742679316005,0.552,0.432
20540.74294555823,0.544,0.40800000000000003
20540.743211800454,0.56,0.424
20540.74347804268,0.544,0.40800000000000003
20540.743744284908,0.552,0.424
20540.744010527134,0.544,0.432
20540.74427676936,0.552,0.376
20540.744543011588,0.544,0.376
20540.74480925381,0.56,0.36
20540.745075496037,0.544,0.368
20540.745341738264,0.56,0.352
20540.74560798049,0.544,0.368
20540.745874222717,0.56,0.36
20540.74614046494,0.544,0.368
20540.746406707167,0.56,0.36
20540.746672949394,0.544,0.368
20540.74693919162,0.56,0.376
20540.747205433847,0.552,0.376
20540.74747167607,0.536,0.40800000000000003
20540.747737918296,0.544,0.424
20540.748004160523,0.56,0.4
20540.74827040275,0.56,0.4
20540.748536644976,0.536,0.368
20540.748802887203,0.536,0.376
20540.749069129426,0.552,0.36
20540.749335371653,0.528,0.376
20540.74960161388,0.504,0.392
20540.749867856106,0.52,0.384
20540.750134098333,0.504,0.368
20540.750400340556,0.512,0.376
20540.750666582782,0.528,0.40800000000000003
20540.75093282501,0.512,0.40800000000000003
20540.751199067236,0.544,0.392
20540.751465309462,0.552,0.40800000000000003
20540.751731551685,0.528,0.432
20540.751997793912,0.544,0.432
20540.75226403614,0.52,0.4
20540.752530278365,0.52,0.4
20540.75279652059,0.56,0.368
20540.75306276282,0.544,0.368
20540.75332900504,0.56,0.368
20540.753595247268,0.544,0.368
20540.753861489495,0.56,0.36
20540.75412773172,0.544,0.36
20540.754393973948,0.56,0.392
20540.75466021617,0.544,0.384
20540.754926458398,0.56,0.41600000000000004
20540.755192700624,0.56,0.41600000000000004
20540.75545894285,0.544,0.368
20540.755725185078,0.544,0.368
20540.7559914273,0.56,0.36
20540.756257669527,0.544,0.368
20540.756523911754,0.56,0.36
20540.75679015398,0.544,0.368
20540.757056396207,0.56,0.392
20540.757322638434,0.5680000000000001,0.384
20540.757588880657,0.544,0.368
20540.757855122883,0.544,0.36
20540.75812136511,0.5680000000000001,0.376
20540.758387607337,0.56,0.368
20540.758653849563,0.544,0.36
20540.758920091786,0.544,0.368
20540.759186334013,0.56,0.40800000000000003
20540.75945257624,0.544,0.41600000000000004
20540.759718818466,0.56,0.432
20540.759985060693,0.56,0.424
20540.760251302916,0.544,0.41600000000000004
20540.760517545143,0.544,0.432
20540.76078378737,0.56,0.41600000000000004
20540.761050029596,0.544,0.41600000000000004
20540.761316271823,0.56,0.432
20540.76158251405,0.544,0.432
20540.761848756272,0.56,0.40800000000000003
20540.7621149985,0.56,0.432
20540.762381240726,0.544,0.41600000000000004
20540.762647482952,0.544,0.424
20540.76291372518,0.56,0.40800000000000003
20540.7631799674,0.544,0.40800000000000003
20540.76344620963,0.5680000000000001,0.424
20540.763712451855,0.56,0.424
20540.76397869408,0.536,0.40800000000000003
20540.76424493631,0.552,0.40800000000000003
20540.764511178535,0.512,0.376
20540.764777420758,0.528,0.384
20540.765043662985,0.504,0.41600000000000004
20540.76530990521,0.504,0.424
20540.765576147438,0.528,0.4
20540.765842389665,0.504,0.41600000000000004
20540.766108631888,0.528,0.432
20540.766374874114,0.528,0.40800000000000003
20540.76664111634,0.504,0.432
20540.766907358568,0.528,0.41600000000000004
20540.767173600794,0.504,0.432
20540.767439843017,0.504,0.40800000000000003
20540.767706085244,0.52,0.424
20540.76797232747,0.52,0.40800000000000003
20540.768238569697,0.504,0.424
20540.768504811924,0.504,0.424
20540.76877105415,0.528,0.392
20540.769037296373,0.504,0.392
20540.7693035386,0.52,0.376
20540.769569780827,0.504,0.392
20540.769836023053,0.52,0.424
20540.77010226528,0.504,0.424
20540.770368507503,0.52,0.376
20540.77063474973,0.504,0.376
20540.770900991956,0.512,0.368
20540.771167234183,0.504,0.392
20540.77143347641,0.512,0.368
20540.771699718633,0.504,0.368
20540.77196596086,0.512,0.384
20540.772232203086,0.504,0.384
20540.772498445313,0.528,0.4
20540.77276468754,0.512,0.40800000000000003
20540.773030929766,0.496,0.424
20540.77329717199,0.512,0.432
20540.773563414215,0.528,0.40800000000000003
20540.773829656442,0.512,0.41600000000000004
20540.77409589867,0.536,0.392
20540.774362140895,0.512,0.392
20540.77462838312,0.528,0.312
20540.774894625345,0.512,0.296
20540.77516086757,0.496,0.14400000000000002
20540.7754271098,0.504,0.136
20540.775693352025,0.512,0.048
20540.775959594248,0.512,0.04
20540.776225836475,0.544,0.0
20540.7764920787,0.528,0.008
20540.776758320928,0.536,-0.008
20540.777024563155,0.544,0.0
20540.77729080538,0.504,-0.016
20540.777557047604,0.496,0.0
20540.77782328983,0.512,-0.016
20540.778089532057,0.504,-0.016
20540.778355774284,0.52,0.0
20540.77862201651,0.504,-0.016
20540.778888258734,0.544,0.0
20540.77915450096,0.528,0.0
20540.779420743187,0.544,-0.016
20540.779686985414,0.528,0.0
20540.77995322764,0.544,-0.016
20540.780219469863,0.528,0.0
20540.78048571209,0.544,-0.016
20540.780751954317,0.544,0.0
20540.781018196543,0.528,-0.016
20540.78128443877,0.544,-0.016
20540.781550680997,0.512,0.0
20540.78181692322,0.512,0.0
20540.782083165446,0.496,-0.016
20540.782349407673,0.504,-0.016
20540.7826156499,0.528,0.0
20540.782881892126,0.512,-0.016
20540.78314813435,0.544,0.0
20540.783414376576,0.544,-0.016
20540.783680618802,0.512,0.0
20540.78394686103,0.504,0.0
20540.784213103256,0.52,-0.016
20540.784479345482,0.504,0.0
20540.784745587705,0.52,-0.016
20540.785011829932,0.504,0.0
20540.78527807216,0.52,-0.016
20540.785544314385,0.504,0.0
20540.785810556612,0.52,-0.016
20540.786076798835,0.512,0.0
20540.78634304106,0.496,-0.016
20540.78660928329,0.496,-0.016
20540.786875525515,0.52,0.0
20540.78714176774,0.504,-0.016
20540.787408009965,0.52,0.0
20540.78767425219,0.512,0.0
20540.787940494418,0.496,-0.016
20540.788206736644,0.496,0.0
20540.78847297887,0.512,-0.016
20540.788739221098,0.496,0.0
20540.78900546332,0.512,-0.016
20540.789271705547,0.504,0.0
20540.789537947774,0.536,-0.016
20540.78980419,0.528,-0.016
20540.790070432227,0.552,0.0
20540.79033667445,0.528,0.0
20540.790602916677,0.552,-0.016
20540.790869158904,0.544,-0.016
20540.79113540113,0.528,0.0
20540.791401643357,0.52,0.0
20540.79166788558,0.544,-0.016
20540.791934127807,0.536,0.0
20540.792200370033,0.512,-0.016
20540.79246661226,0.504,0.0
20540.792732854487,0.52,-0.016
20540.792999096713,0.512,-0.016
20540.793265338936,0.544,0.0
20540.793531581163,0.536,0.0
20540.79379782339,0.512,-0.016
20540.794064065616,0.504,-0.016
20540.794330307843,0.536,0.0
20540.794596550066,0.528,-0.016
20540.794862792292,0.536,0.0
20540.79512903452,0.536,-0.016
20540.795395276746,0.552,0.0
20540.795661518972,0.528,-0.008
20540.795927761195,0.552,-0.016
20540.796194003422,0.536,-0.016
20540.79646024565,0.552,0.0
20540.796726487875,0.528,-0.016
20540.796992730102,0.552,0.0
20540.79725897233,0.544,-0.016
20540.79752521455,0.528,0.0
20540.79779145678,0.544,0.0
20540.798057699005,0.504,-0.016
20540.79832394123,0.504,-0.016
20540.798590183458,0.512,0.0
20540.79885642568,0.504,-0.016
20540.799122667908,0.512,0.0
20540.799388910134,0.504,-0.016
20540.79965515236,0.52,0.0
20540.799921394588,0.504,-0.016
20540.80018763681,0.512,0.0
20540.800453879037,0.504,-0.016
20540.800720121264,0.528,0.0
20540.80098636349,0.52,0.0
20540.801252605717,0.536,-0.016
20540.801518847944,0.528,-0.008
20540.801785090167,0.544,-0.016
20540.802051332394,0.544,-0.016
20540.80231757462,0.512,-0.008
20540.802583816847,0.52,-0.016
20540.802850059074,0.504,0.0
20540.803116301297,0.504,-0.016
20540.803382543523,0.52,0.0
20540.80364878575,0.504,-0.016
20540.803915027976,0.512,0.0
20540.804181270203,0.504,-0.008
20540.80444751243,0.512,-0.016
20540.804713754653,0.504,-0.016
20540.80497999688,0.512,0.0
20540.805246239106,0.504,-0.008
20540.805512481333,0.544,-0.016
20540.80577872356,0.528,-0.016
20540.806044965782,0.544,-0.008
20540.80631120801,0.528,-0.008
20540.806577450236,0.544,-0.016
20540.806843692462,0.544,-0.008
20540.80710993469,0.52,-0.016
20540.807376176912,0.512,-0.016
20540.80764241914,0.504,-0.008
20540.807908661365,0.52,-0.016
20540.808174903592,0.496,0.0
20540.80844114582,0.512,-0.016
20540.808707388045,0.504,0.0
20540.808973630268,0.504,-0.016
20540.809239872495,0.52,0.0
20540.80950611472,0.504,-0.016
20540.809772356948,0.544,-0.008
20540.810038599175,0.544,-0.008
20540.810304841398,0.52,-0.016
20540.810571083624,0.504,-0.016
20540.81083732585,0.52,-0.008
20540.811103568078,0.496,-0.008
20540.811369810304,0.52,-0.016
20540.811636052527,0.512,-0.008
20540.811902294754,0.496,-0.016
20540.81216853698,0.504,-0.008
20540.812434779207,0.52,-0.016
20540.812701021434,0.504,-0.016
20540.81296726366,0.52,-0.008
20540.813233505884,0.512,-0.016
20540.81349974811,0.536,0.0
20540.813765990337,0.528,-0.016
20540.814032232563,0.504,0.0
20540.81429847479,0.52,-0.016
20540.814564717013,0.504,0.0
20540.81483095924,0.504,-0.008
20540.815097201466,0.512,-0.016
20540.815363443693,0.496,-0.016
20540.81562968592,0.512,0.0
20540.815895928143,0.496,-0.008
20540.81616217037,0.512,-0.016
20540.816428412596,0.52,-0.016
20540.816694654823,0.496,-0.008
20540.81696089705,0.496,-0.016
20540.817227139276,0.52,-0.008
20540.8174933815,0.496,-0.008
20540.817759623726,0.512,-0.016
20540.818025865952,0.504,-0.016
20540.81829210818,0.528,0.0
20540.818558350406,0.536,-0.016
20540.81882459263,0.512,0.0
20540.819090834855,0.504,-0.016
20540.81935707708,0.528,0.0
20540.81962331931,0.52,-0.008
20540.819889561535,0.536,-0.016
20540.820155803758,0.52,-0.016
20540.820422045985,0.504,0.0
20540.82068828821,0.52,-0.016
20540.820954530438,0.536,0.0
20540.821220772665,0.528,-0.016
20540.82148701489,0.504,0.0
20540.821753257114,0.52,-0.016
20540.82201949934,0.496,0.0
20540.822285741568,0.496,-0.016
20540.822551983794,0.512,-0.008
20540.82281822602,0.496,-0.008
20540.823084468244,0.52,-0.016
20540.82335071047,0.496,-0.016
20540.823616952697,0.512,0.0
20540.823883194924,0.496,-0.008
20540.82414943715,0.52,-0.016
20540.824415679377,0.512,-0.008
20540.8246819216,0.496,-0.016
20540.824948163827,0.52,-0.008
20540.825214406053,0.496,-0.016
20540.82548064828,0.496,-0.016
20540.825746890507,0.512,0.0
20540.82601313273,0.512,-0.008
20540.826279374956,0.496,-0.016
20540.826545617183,0.496,-0.008
20540.82681185941,0.512,-0.016
20540.827078101636,0.504,-0.008
20540.82734434386,0.552,-0.016
20540.827610586086,0.536,-0.016
20540.827876828313,0.52,-0.008
20540.82814307054,0.52,-0.016
20540.828409312766,0.536,0.0
20540.828675554993,0.52,-0.016
20540.828941797216,0.536,-0.008
20540.829208039442,0.528,-0.016
20540.82947428167,0.544,-0.008
20540.829740523895,0.536,-0.016
20540.830006766122,0.552,-0.008
20540.830273008345,0.536,-0.008
20540.83053925057,0.56,-0.016
20540.8308054928,0.552,-0.016
20540.831071735025,0.536,-0.008
20540.83133797725,0.536,-0.008
20540.831604219475,0.56,-0.016
20540.8318704617,0.544,-0.008
20540.832136703928,0.56,-0.016
20540.832402946155,0.56,-0.016
20540.83266918838,0.536,-0.008
20540.832935430608,0.528,-0.016
20540.83320167283,0.552,0.0
20540.833467915058,0.544,-0.016
20540.833734157284,0.52,-0.008
20540.83400039951,0.52,-0.016
20540.834266641737,0.504,-0.008
20540.83453288396,0.512,-0.008
20540.834799126187,0.504,-0.016
20540.835065368414,0.504,-0.008
20540.83533161064,0.52,-0.016
20540.835597852867,0.504,-0.016
20540.83586409509,0.512,0.0
20540.836130337317,0.504,-0.016
20540.836396579543,0.512,-0.008
20540.83666282177,0.512,-0.016
20540.836929063997,0.504,-0.008
20540.837195306223,0.504,-0.016
20540.837461548446,0.512,-0.008
20540.837727790673,0.504,-0.016
20540.8379940329,0.528,-0.008
20540.838260275126,0.52,-0.016
20540.838526517353,0.496,-0.008
20540.838792759576,0.504,-0.016
20540.839059001803,0.52,0.0
20540.83932524403,0.496,-0.016
20540.839591486256,0.52,0.0
20540.839857728482,0.528,-0.008
20540.840123970705,0.504,-0.016
20540.840390212932,0.52,-0.016
20540.84065645516,0.536,0.0
20540.840922697385,0.528,-0.008
20540.841188939612,0.504,0.032
20540.84145518184,0.512,0.032
20540.84172142406,0.552,0.136
20540.84198766629,0.536,0.14400000000000002
20540.842253908515,0.552,0.272
20540.84252015074,0.552,0.272
20540.84278639297,0.536,0.336
20540.84305263519,0.552,0.336
20540.843318877418,0.536,0.352
20540.843585119645,0.544,0.34400000000000003
20540.84385136187,0.56,0.36
20540.844117604098,0.552,0.36
20540.844383846324,0.536,0.36
20540.844650088547,0.544,0.36
20540.844916330774,0.52,0.36
20540.845182573,0.52,0.36
20540.845448815227,0.504,0.368
20540.845715057454,0.504,0.368
20540.845981299677,0.512,0.41600000000000004
20540.846247541904,0.504,0.40800000000000003
20540.84651378413,0.52,0.432
20540.846780026357,0.512,0.424
20540.847046268584,0.496,0.41600000000000004
20540.847312510807,0.504,0.424
20540.847578753033,0.52,0.41600000000000004
20540.84784499526,0.512,0.41600000000000004
20540.848111237487,0.544,0.432
20540.848377479713,0.52,0.41600000000000004
20540.84864372194,0.544,0.432
20540.848909964163,0.512,0.41600000000000004
20540.84917620639,0.528,0.432
20540.849442448616,0.52,0.432
20540.849708690843,0.496,0.41600000000000004
20540.84997493307,0.512,0.424
20540.850241175292,0.504,0.40800000000000003
20540.85050741752,0.496,0.424
20540.850773659746,0.52,0.384
20540.851039901972,0.496,0.384
20540.8513061442,0.512,0.36
20540.851572386422,0.496,0.368
20540.85183862865,0.512,0.36
20540.852104870875,0.496,0.368
20540.852371113102,0.52,0.36
20540.85263735533,0.512,0.368
20540.852903597555,0.496,0.368
20540.85316983978,0.512,0.368
20540.853436082005,0.496,0.376
20540.85370232423,0.512,0.376
20540.85396856646,0.496,0.40800000000000003
20540.854234808685,0.496,0.40800000000000003
20540.854501050908,0.52,0.432
20540.854767293135,0.52,0.424
20540.85503353536,0.504,0.4
20540.855299777588,0.496,0.40800000000000003
20540.855566019814,0.512,0.424
20540.855832262037,0.504,0.41600000000000004
20540.856098504264,0.52,0.432
20540.85636474649,0.512,0.432
20540.856630988717,0.536,0.41600000000000004
20540.856897230944,0.512,0.41600000000000004
20540.85716347317,0.536,0.432
20540.857429715394,0.528,0.432
20540.85769595762,0.544,0.376
20540.857962199847,0.544,0.384
20540.858228442074,0.52,0.368
20540.8584946843,0.52,0.368
20540.858760926523,0.504,0.384
20540.85902716875,0.496,0.376
20540.859293410977,0.52,0.36
20540.859559653203,0.504,0.368
20540.85982589543,0.512,0.376
20540.860092137653,0.512,0.368
20540.86035837988,0.496,0.384
20540.860624622106,0.504,0.376
20540.860890864333,0.52,0.40800000000000003
20540.86115710656,0.504,0.41600000000000004
20540.861423348786,0.496,0.384
20540.86168959101,0.496,0.384
20540.861955833236,0.512,0.368
20540.862222075462,0.512,0.368
20540.86248831769,0.496,0.384
20540.862754559916,0.496,0.376
20540.86302080214,0.512,0.36
20540.863287044365,0.496,0.376
20540.863553286592,0.512,0.36
20540.86381952882,0.512,0.36
20540.864085771045,0.496,0.368
20540.864352013272,0.496,0.368
20540.864618255495,0.536,0.368
20540.86488449772,0.528,0.368
20540.865150739948,0.544,0.376
20540.865416982175,0.528,0.368
20540.8656832244,0.544,0.36
20540.865949466624,0.528,0.368
20540.86621570885,0.544,0.36
20540.866481951078,0.528,0.36
20540.866748193304,0.552,0.368
20540.86701443553,0.544,0.368
20540.867280677754,0.528,0.36
20540.86754691998,0.544,0.36
20540.867813162207,0.528,0.368
20540.868079404434,0.536,0.376
20540.86834564666,0.504,0.36
20540.868611888887,0.496,0.368
20540.86887813111,0.52,0.376
20540.869144373337,0.504,0.36
20540.869410615564,0.52,0.368
20540.86967685779,0.512,0.36
20540.869943100017,0.496,0.384
20540.87020934224,0.512,0.384
20540.870475584466,0.496,0.41600000000000004
20540.870741826693,0.504,0.41600000000000004
20540.87100806892,0.52,0.432
20540.871274311146,0.496,0.424
20540.87154055337,0.512,0.41600000000000004
20540.871806795596,0.504,0.432
20540.872073037823,0.512,0.41600000000000004
20540.87233928005,0.504,0.432
20540.872605522276,0.528,0.41600000000000004
20540.872871764503,0.528,0.40800000000000003
20540.873138006726,0.504,0.432
20540.873404248952,0.52,0.432
20540.87367049118,0.544,0.41600000000000004
20540.873936733406,0.544,0.432
20540.874202975632,0.52,0.41600000000000004
20540.874469217855,0.544,0.41600000000000004
20540.874735460082,0.512,0.424
20540.87500170231,0.52,0.41600000000000004
20540.875267944535,0.496,0.40800000000000003
20540.87553418676,0.504,0.424
20540.875800428985,0.52,0.4
20540.87606667121,0.512,0.40800000000000003
20540.876332913438,0.496,0.376
20540.876599155665,0.496,0.376
20540.87686539789,0.512,0.40800000000000003
20540.877131640118,0.496,0.41600000000000004
20540.87739788234,0.528,0.384
20540.877664124568,0.52,0.384
20540.877930366794,0.544,0.36
20540.87819660902,0.544,0.368
20540.878462851248,0.512,0.36
20540.87872909347,0.504,0.368
20540.878995335697,0.528,0.36
20540.879261577924,0.512,0.368
20540.87952782015,0.544,0.376
20540.879794062377,0.528,0.376
20540.8800603046,0.504,0.41600000000000004
20540.880326546827,0.52,0.41600000000000004
20540.880592789053,0.496,0.432
20540.88085903128,0.496,0.424
20540.881125273507,0.52,0.40800000000000003
20540.881391515733,0.504,0.41600000000000004
20540.881657757956,0.544,0.432
20540.881924000183,0.52,0.41600000000000004
20540.88219024241,0.536,0.432
20540.882456484636,0.528,0.424
20540.882722726863,0.544,0.41600000000000004
20540.882988969086,0.544,0.432
20540.883255211313,0.528,0.4
20540.88352145354,0.544,0.4
20540.883787695766,0.52,0.432
20540.884053937993,0.544,0.432
20540.88432018022,0.512,0.41600000000000004
20540.884586422442,0.52,0.432
20540.88485266467,0.504,0.41600000000000004
20540.885118906896,0.496,0.41600000000000004
20540.885385149122,0.52,0.432
20540.88565139135,0.512,0.432
20540.88591763357,0.496,0.41600000000000004
20540.8861838758,0.504,0.432
20540.886450118025,0.528,0.376
20540.88671636025,0.504,0.368
20540.88698260248,0.52,0.384
20540.8872488447,0.52,0.376
20540.887515086928,0.496,0.40800000000000003
20540.887781329155,0.496,0.40800000000000003
20540.88804757138,0.512,0.392
20540.888313813608,0.496,0.392
20540.888580055835,0.52,0.368
20540.888846298058,0.504,0.376
20540.889112540284,0.52,0.36
20540.88937878251,0.512,0.368
20540.889645024738,0.496,0.36
20540.889911266964,0.496,0.368
20540.890177509187,0.512,0.40800000000000003
20540.890443751414,0.496,0.41600000000000004
20540.89070999364,0.52,0.41600000000000004
20540.890976235867,0.512,0.41600000000000004
20540.891242478094,0.496,0.424
20540.891508720317,0.512,0.41600000000000004
20540.891774962543,0.496,0.432
20540.89204120477,0.512,0.424
20540.892307446997,0.496,0.41600000000000004
20540.892573689223,0.512,0.41600000000000004
20540.89283993145,0.496,0.432
20540.893106173673,0.496,0.424
20540.8933724159,0.504,0.41600000000000004
20540.893638658126,0.496,0.41600000000000004
20540.893904900353,0.528,0.432
20540.89417114258,0.528,0.432
20540.894437384803,0.496,0.41600000000000004
20540.89470362703,0.52,0.432
20540.894969869256,0.496,0.41600000000000004
20540.895236111483,0.496,0.432
20540.89550235371,0.512,0.392
20540.895768595932,0.496,0.392
20540.89603483816,0.512,0.368
20540.896301080385,0.512,0.368
20540.896567322612,0.496,0.36
20540.89683356484,0.496,0.368
20540.897099807065,0.52,0.36
20540.89736604929,0.512,0.368
20540.897632291515,0.544,0.4
20540.89789853374,0.528,0.4
20540.89816477597,0.544,0.41600000000000004
20540.898431018195,0.536,0.424
20540.898697260418,0.512,0.41600000000000004
20540.898963502645,0.512,0.41600000000000004
20540.89922974487,0.496,0.432
20540.899495987098,0.496,0.41600000000000004
20540.899762229325,0.512,0.368
20540.900028471548,0.496,0.376
20540.900294713774,0.52,0.36
20540.900560956,0.504,0.376
20540.900827198227,0.536,0.41600000000000004
20540.901093440454,0.52,0.40800000000000003
20540.90135968268,0.504,0.424
20540.901625924904,0.496,0.41600000000000004
20540.90189216713,0.512,0.4
20540.902158409357,0.496,0.4
20540.902424651584,0.504,0.368
20540.90269089381,0.496,0.368
20540.902957136033,0.52,0.36
20540.90322337826,0.496,0.36
20540.903489620487,0.544,0.376
20540.903755862713,0.544,0.384
20540.90402210494,0.52,0.424
20540.904288347167,0.512,0.424
20540.90455458939,0.496,0.40800000000000003
20540.904820831616,0.496,0.41600000000000004
20540.905087073843,0.504,0.432
20540.90535331607,0.504,0.41600000000000004
20540.905619558296,0.528,0.432
20540.90588580052,0.52,0.424
20540.906152042746,0.536,0.41600000000000004
20540.906418284972,0.544,0.41600000000000004
20540.9066845272,0.504,0.432
20540.906950769426,0.504,0.41600000000000004
20540.90721701165,0.52,0.392
20540.907483253875,0.504,0.392
20540.907749496102,0.512,0.312
20540.90801573833,0.496,0.304
20540.908281980555,0.512,0.136
20540.908548222782,0.496,0.136
20540.908814465005,0.512,0.032
20540.90908070723,0.496,0.04
20540.90934694946,0.512,0.0
20540.909613191685,0.512,0.008
20540.90987943391,0.496,-0.008
20540.910145676135,0.496,-0.008
20540.91041191836,0.512,0.0
20540.910678160588,0.504,-0.008
20540.910944402814,0.52,0.0
20540.91121064504,0.512,0.0
20540.911476887264,0.536,-0.016
20540.91174312949,0.528,0.0
20540.912009371717,0.544,-0.016
20540.912275613944,0.544,0.0
20540.91254185617,0.52,-0.016
20540.912808098397,0.52,-0.008
20540.91307434062,0.504,0.0
20540.913340582847,0.512,0.0
20540.913606825074,0.496,-0.016
20540.9138730673,0.496,0.0
20540.914139309527,0.52,-0.016
20540.91440555175,0.512,-0.016
20540.914671793977,0.496,0.0
20540.914938036203,0.496,0.0
20540.91520427843,0.512,-0.016
20540.915470520657,0.496,-0.016
20540.91573676288,0.512,0.0
20540.916003005106,0.512,0.0
20540.916269247333,0.496,-0.016
20540.91653548956,0.496,-0.016
20540.916801731786,0.512,0.0
20540.917067974013,0.512,0.0
20540.917334216236,0.496,-0.016
20540.917600458462,0.496,-0.016
20540.91786670069,0.504,0.0
20540.918132942916,0.496,-0.016
20540.918399185142,0.504,0.0
20540.918665427365,0.496,-0.016
20540.918931669592,0.52,0.0
20540.91919791182,0.52,-0.008
20540.919464154045,0.536,0.0
20540.919730396272,0.528,0.0
20540.919996638495,0.544,-0.016
20540.92026288072,0.536,0.0
20540.92052912295,0.512,-0.016
20540.920795365175,0.52,0.0
20540.9210616074,0.496,-0.016
20540.921327849628,0.512,0.0
20540.92159409185,0.496,-0.016
20540.921860334078,0.496,0.0
20540.922126576304,0.512,-0.016
20540.92239281853,0.496,-0.016
20540.922659060758,0.512,0.0
20540.92292530298,0.504,-0.016
20540.923191545207,0.544,0.0
20540.923457787434,0.528,0.0
20540.92372402966,0.544,-0.016
20540.923990271887,0.528,-0.016
20540.924256514114,0.544,0.0
20540.924522756337,0.528,-0.016
20540.924788998564,0.544,0.0
20540.92505524079,0.528,-0.016
20540.925321483017,0.504,0.0
20540.925587725244,0.512,-0.016
20540.925853967467,0.496,0.0
20540.926120209693,0.496,-0.016
20540.92638645192,0.512,0.0
20540.926652694146,0.496,-0.016
20540.926918936373,0.512,0.0
20540.927185178596,0.52,0.0
20540.927451420823,0.496,-0.016
20540.92771766305,0.496,-0.016
20540.927983905276,0.512,0.0
20540.928250147503,0.504,0.0
20540.92851638973,0.52,-0.016
20540.928782631952,0.504,-0.016
20540.92904887418,0.544,0.0
20540.929315116406,0.536,-0.016
20540.929581358632,0.512,0.0
20540.92984760086,0.504,-0.016
20540.930113843082,0.52,0.0
20540.93038008531,0.512,-0.016
20540.930646327535,0.504,-0.008
20540.930912569762,0.504,-0.016
20540.93117881199,0.52,0.0
20540.93144505421,0.512,-0.016
20540.931711296438,0.496,0.0
20540.931977538665,0.496,-0.016
20540.93224378089,0.512,-0.008
20540.932510023118,0.496,-0.016
20540.932776265345,0.512,-0.008
20540.933042507568,0.496,-0.016
20540.933308749794,0.512,0.0
20540.93357499202,0.496,-0.016
20540.933841234248,0.52,0.0
20540.934107476474,0.52,-0.016
20540.934373718697,0.496,0.0
20540.934639960924,0.512,0.0
20540.93490620315,0.496,-0.016
20540.935172445377,0.496,-0.016
20540.935438687604,0.528,0.0
20540.935704929827,0.512,-0.016
20540.935971172054,0.544,0.0
20540.93623741428,0.528,-0.008
20540.936503656507,0.536,-0.016
20540.936769898733,0.528,-0.016
20540.93703614096,0.536,0.0
20540.937302383183,0.536,-0.016
20540.93756862541,0.52,0.0
20540.937834867636,0.512,-0.008
20540.938101109863,0.504,-0.016
20540.93836735209,0.504,-0.008
20540.938633594313,0.528,-0.016
20540.93889983654,0.512,-0.016
20540.939166078766,0.496,-0.008
20540.939432320993,0.504,-0.016
20540.93969856322,0.528,0.0
20540.939964805442,0.52,-0.016
20540.94023104767,0.504,0.0
20540.940497289896,0.504,-0.016
20540.940763532122,0.528,0.0
20540.94102977435,0.52,-0.016
20540.941296016576,0.544,-0.008
20540.9415622588,0.536,-0.016
20540.941828501025,0.504,-0.008
20540.94209474325,0.504,-0.016
20540.94236098548,0.528,0.0
20540.942627227705,0.504,-0.016
20540.942893469928,0.536,0.0
20540.943159712155,0.544,-0.016
20540.94342595438,0.52,-0.008
20540.943692196608,0.52,-0.016
20540.943958438835,0.544,0.0
20540.94422468106,0.552,0.0
20540.944490923284,0.536,-0.016
20540.94475716551,0.536,-0.008
20540.945023407738,0.544,-0.016
20540.945289649964,0.544,-0.008
20540.94555589219,0.56,-0.016
20540.945822134414,0.552,-0.008
20540.94608837664,0.536,-0.016
20540.946354618867,0.544,-0.008
20540.946620861094,0.552,-0.016
20540.94688710332,0.552,0.0
20540.947153345543,0.536,-0.016
20540.94741958777,0.552,-0.016
20540.947685829997,0.544,0.0
20540.947952072223,0.544,-0.016
20540.94821831445,0.56,-0.008
20540.948484556677,0.56,-0.016
20540.9487507989,0.544,0.0
20540.949017041126,0.544,-0.016
20540.949283283353,0.56,-0.008
20540.94954952558,0.544,-0.008
20540.949815767806,0.56,-0.016
20540.95008201003,0.544,-0.016
20540.950348252256,0.552,0.0
20540.950614494483,0.544,-0.008
20540.95088073671,0.56,-0.016
20540.951146978936,0.544,-0.016
20540.95141322116,0.56,0.0
20540.951679463386,0.544,-0.016
20540.951945705612,0.56,-0.008
20540.95221194784,0.544,-0.016
20540.952478190065,0.56,0.0
20540.952744432292,0.544,-0.016
20540.953010674515,0.552,0.0
20540.95327691674,0.544,-0.008
20540.95354315897,0.56,-0.016
20540.953809401195,0.544,-0.016
20540.95407564342,0.56,-0.008
20540.954341885645,0.544,-0.008
20540.95460812787,0.56,-0.016
20540.954874370098,0.56,-0.016
20540.955140612325,0.544,0.0
20540.95540685455,0.544,-0.008
20540.955673096774,0.56,-0.016
20540.955939339,0.544,-0.016
20540.956205581228,0.56,0.0
20540.956471823454,0.536,-0.016
20540.95673806568,0.552,-0.008
20540.957004307907,0.536,-0.016
20540.95727055013,0.552,0.0
20540.957536792357,0.536,-0.008
20540.957803034584,0.512,-0.016
20540.95806927681,0.512,-0.016
20540.958335519037,0.528,0.0
20540.95860176126,0.52,-0.016
20540.958868003487,0.504,0.0
20540.959134245713,0.504,-0.008
20540.95940048794,0.512,-0.016
20540.959666730167,0.504,-0.008
20540.95993297239,0.528,-0.016
20540.960199214616,0.512,-0.016
20540.960465456843,0.552,-0.008
20540.96073169907,0.528,-0.008
20540.960997941296,0.552,-0.016
20540.961264183523,0.552,-0.016
20540.961530425746,0.52,-0.008
20540.961796667973,0.528,-0.008
20540.9620629102,0.504,-0.016
20540.962329152426,0.504,-0.016
20540.962595394652,0.52,-0.008
20540.962861636875,0.52,-0.016
20540.963127879102,0.504,0.0
20540.96339412133,0.504,-0.016
20540.963660363555,0.536,0.0
20540.963926605782,0.528,-0.016
20540.96419284801,0.504,-0.008
20540.96445909023,0.504,-0.016
20540.96472533246,0.536,0.0
20540.964991574685,0.536,-0.016
20540.96525781691,0.52,-0.008
20540.96552405914,0.536,-0.016
20540.96579030136,0.512,-0.008
20540.966056543588,0.504,-0.016
20540.966322785815,0.52,-0.008
20540.96658902804,0.496,-0.016
20540.966855270268,0.528,-0.008
20540.96712151249,0.528,-0.016
20540.967387754717,0.504,-0.008
20540.967653996944,0.52,-0.008
20540.96792023917,0.504,-0.016
20540.968186481397,0.504,-0.016
20540.968452723624,0.52,0.0
20540.968718965847,0.504,-0.008
20540.968985208074,0.544,-0.016
20540.9692514503,0.528,-0.016
20540.969517692527,0.544,0.0
20540.969783934754,0.544,-0.016
20540.970050176977,0.512,0.0
20540.970316419203,0.504,-0.008
20540.97058266143,0.512,-0.016
20540.970848903657,0.504,-0.008
20540.971115145883,0.52,-0.016
20540.971381388106,0.504,-0.016
20540.971647630333,0.512,-0.008
20540.97191387256,0.52,-0.016
20540.972180114786,0.504,0.0
20540.972446357013,0.52,-0.016
20540.97271259924,0.496,-0.008
20540.972978841462,0.496,-0.008
20540.97324508369,0.512,-0.016
20540.973511325916,0.504,-0.016
20540.973777568142,0.512,0.0
20540.97404381037,0.504,0.0
20540.974310052592,0.52,0.04
20540.97457629482,0.504,0.032
20540.974842537045,0.512,0.176
20540.975108779272,0.496,0.184
20540.9753750215,0.512,0.328
20540.97564126372,0.512,0.336
20540.97590750595,0.496,0.384
20540.976173748175,0.496,0.392
20540.9764399904,0.512,0.41600000000000004
20540.97670623263,0.496,0.40800000000000003
20540.976972474855,0.528,0.376
20540.977238717078,0.52,0.376
20540.977504959304,0.544,0.36
20540.97777120153,0.528,0.36
20540.978037443758,0.504,0.376
20540.978303685984,0.52,0.376
20540.978569928207,0.496,0.424
20540.978836170434,0.504,0.41600000000000004
20540.97910241266,0.544,0.424
20540.979368654887,0.528,0.432
20540.979634897114,0.536,0.41600000000000004
20540.979901139337,0.504,0.41600000000000004
20540.980167381564,0.528,0.432
20540.98043362379,0.52,0.41600000000000004
20540.980699866017,0.544,0.432
20540.980966108244,0.544,0.432
20540.98123235047,0.528,0.41600000000000004
20540.981498592693,0.528,0.41600000000000004
20540.98176483492,0.552,0.432
20540.982031077147,0.528,0.432
20540.982297319373,0.536,0.40800000000000003
20540.9825635616,0.528,0.424
20540.982829803823,0.504,0.40800000000000003
20540.98309604605,0.52,0.41600000000000004
20540.983362288276,0.536,0.432
20540.983628530503,0.528,0.41600000000000004
20540.98389477273,0.544,0.432
20540.984161014956,0.544,0.41600000000000004
20540.98442725718,0.512,0.432
20540.984693499406,0.512,0.432
20540.984959741632,0.544,0.40800000000000003
20540.98522598386,0.528,0.424
20540.985492226086,0.552,0.40800000000000003
20540.98575846831,0.544,0.424
20540.986024710535,0.504,0.41600000000000004
20540.986290952762,0.504,0.424
20540.98655719499,0.52,0.384
20540.986823437215,0.504,0.376
20540.98708967944,0.544,0.4
20540.987355921665,0.528,0.4
20540.98762216389,0.544,0.41600000000000004
20540.987888406118,0.528,0.432
20540.988154648345,0.544,0.40800000000000003
20540.98842089057,0.536,0.424
20540.988687132794,0.504,0.40800000000000003
20540.98895337502,0.504,0.41600000000000004
20540.989219617248,0.52,0.432
20540.989485859474,0.504,0.424
20540.9897521017,0.52,0.4
20540.990018343924,0.52,0.384
20540.99028458615,0.504,0.40800000000000003
20540.990550828377,0.504,0.41600000000000004
20540.990817070604,0.52,0.432
20540.99108331283,0.504,0.41600000000000004
20540.991349555054,0.52,0.432
20540.99161579728,0.504,0.432
20540.991882039507,0.52,0.41600000000000004
20540.992148281734,0.496,0.41600000000000004
20540.99241452396,0.52,0.432
20540.992680766187,0.504,0.432
20540.99294700841,0.512,0.41600000000000004
20540.993213250636,0.504,0.424
20540.993479492863,0.52,0.4
20540.99374573509,0.512,0.40800000000000003
20540.994011977316,0.536,0.41600000000000004
20540.99427821954,0.544,0.41600000000000004
20540.994544461766,0.52,0.432
20540.994810703993,0.528,0.424
20540.99507694622,0.496,0.376
20540.995343188446,0.504,0.384
20540.99560943067,0.528,0.4
20540.995875672896,0.504,0.40800000000000003
20540.996141915122,0.528,0.424
20540.99640815735,0.528,0.384
20540.996674399576,0.544,0.424
20540.996940641802,0.528,0.41600000000000004
20540.997206884025,0.544,0.376
20540.997473126252,0.536,0.368
20540.99773936848,0.504,0.36
20540.998005610705,0.52,0.368
20540.99827185293,0.496,0.392
20540.998538095155,0.496,0.40800000000000003
20540.99880433738,0.512,0.424
20540.999070579608,0.496,0.40800000000000003
20540.999336821835,0.512,0.424
20540.99960306406,0.496,0.424
20540.999869306284,0.52,0.40800000000000003
20541.00013554851,0.512,0.41600000000000004
20541.000401790738,0.496,0.432
20541.000668032964,0.504,0.432
20541.00093427519,0.544,0.40800000000000003
20541.001200517418,0.528,0.432
20541.00146675964,0.536,0.40800000000000003
20541.001733001867,0.536,0.41600000000000004
20541.001999244094,0.512,0.424
20541.00226548632,0.496,0.424
20541.002531728547,0.528,0.392
20541.00279797077,0.512,0.424
20541.003064212997,0.496,0.4
20541.003330455223,0.496,0.40800000000000003
20541.00359669745,0.512,0.424
20541.003862939677,0.496,0.41600000000000004
20541.004129181903,0.512,0.40800000000000003
20541.004395424126,0.504,0.40800000000000003
20541.004661666353,0.52,0.384
20541.00492790858,0.496,0.376
20541.005194150806,0.512,0.36
20541.005460393033,0.504,0.368
20541.005726635256,0.52,0.36
20541.005992877483,0.496,0.368
20541.00625911971,0.52,0.384
20541.006525361936,0.504,0.368
20541.006791604163,0.536,0.384
20541.007057846386,0.528,0.384
20541.007324088612,0.544,0.36
20541.00759033084,0.528,0.368
20541.007856573066,0.536,0.36
20541.008122815292,0.536,0.36
20541.00838905752,0.496,0.368
20541.00865529974,0.512,0.36
20541.00892154197,0.496,0.392
20541.009187784195,0.496,0.392
20541.00945402642,0.512,0.368
20541.00972026865,0.496,0.368
20541.00998651087,0.512,0.36
20541.010252753098,0.496,0.368
20541.010518995325,0.504,0.392
20541.01078523755,0.496,0.384
20541.011051479778,0.512,0.4
20541.011317722,0.496,0.376
20541.011583964228,0.512,0.36
20541.011850206454,0.496,0.36
20541.01211644868,0.528,0.36
20541.012382690908,0.52,0.36
20541.012648933134,0.496,0.352
20541.012915175357,0.496,0.36
20541.013181417584,0.52,0.36
20541.01344765981,0.504,0.368
20541.013713902037,0.52,0.384
20541.013980144264,0.496,0.392
20541.014246386487,0.512,0.41600000000000004
20541.014512628713,0.504,0.40800000000000003
20541.01477887094,0.52,0.432
20541.015045113167,0.512,0.432
20541.015311355393,0.496,0.384
20541.015577597616,0.496,0.392
20541.015843839843,0.512,0.41600000000000004
20541.01611008207,0.512,0.40800000000000003
20541.016376324296,0.496,0.424
20541.016642566523,0.496,0.424
20541.01690880875,0.52,0.384
20541.017175050973,0.504,0.376
20541.0174412932,0.536,0.392
20541.017707535426,0.528,0.392
20541.017973777653,0.544,0.41600000000000004
20541.01824001988,0.536,0.40800000000000003
20541.018506262102,0.496,0.424
20541.01877250433,0.512,0.40800000000000003
20541.019038746555,0.496,0.432
20541.019304988782,0.504,0.41600000000000004
20541.01957123101,0.512,0.384
20541.01983747323,0.504,0.392
20541.02010371546,0.52,0.368
20541.020369957685,0.52,0.384
20541.02063619991,0.504,0.36
20541.02090244214,0.496,0.36
20541.021168684365,0.512,0.36
20541.021434926588,0.496,0.36
20541.021701168815,0.512,0.36
20541.026967287064,0.52,0.0
20541.02721228858,0.504,-0.016
20541.027457290093,0.504,0.0
20541.02770229161,0.512,-0.016
20541.02794729312,0.504,0.0
20541.028192294638,0.536,-0.016
20541.02843729615,0.544,0.0
20541.028682297667,0.528,-0.016
20541.028927299183,0.536,0.0
20541.029172300696,0.552,-0.016
20541.029417302212,0.544,0.0
20541.029662303725,0.504,-0.016
20541.02990730524,0.512,-0.016
20541.030152306754,0.496,0.0
20541.03039730827,0.504,0.0
20541.030642309786,0.52,-0.008
20541.0308873113,0.496,-0.016
20541.031132312815,0.528,0.0
20541.031377314328,0.528,-0.008
20541.031622315844,0.504,0.0
20541.031867317357,0.512,-0.008
20541.032112318873,0.544,0.04
20541.03235732039,0.536,0.04
20541.032602321902,0.528,0.16
20541.03284732342,0.544,0.168
20541.03309232493,0.528,0.328
20541.033337326448,0.528,0.336
20541.03358232796,0.544,0.4
20541.033827329476,0.552,0.4
20541.034072330993,0.528,0.41600000000000004
20541.034317332505,0.52,0.41600000000000004
20541.03456233402,0.504,0.44
20541.034807335534,0.504,0.424
20541.03505233705,0.512,0.44
20541.035297338563,0.504,0.432
20541.03554234008,0.512,0.448
20541.035787341596,0.504,0.44
20541.03603234311,0.512,0.424
20541.036277344625,0.504,0.432
20541.036522346138,0.512,0.44
20541.036767347654,0.496,0.44
20541.03701234917,0.512,0.424
20541.037257350683,0.512,0.424
20541.0375023522,0.496,0.44
20541.037747353712,0.512,0.432
20541.03799235523,0.496,0.384
20541.03823735674,0.496,0.392
20541.038482358257,0.52,0.376
20541.038727359773,0.496,0.4
20541.038972361286,0.512,0.376
20541.039217362802,0.496,0.376
20541.039462364315,0.52,0.368
20541.03970736583,0.52,0.376
20541.039952367344,0.496,0.368
20541.04019736886,0.496,0.368
20541.040442370377,0.52,0.376
20541.04068737189,0.512,0.368
20541.040932373406,0.544,0.376
20541.04117737492,0.528,0.368
20541.041422376435,0.536,0.376
20541.041667377947,0.536,0.368
20541.041912379464,0.512,0.376
20541.04215738098,0.528,0.368
20541.042402382493,0.544,0.384
20541.04264738401,0.528,0.368
20541.04289238552,0.544,0.376
20541.043137387038,0.544,0.368
20541.04338238855,0.528,0.376
20541.043627390067,0.536,0.368
20541.043872391583,0.528,0.376
20541.044117393096,0.528,0.368
20541.044362394612,0.544,0.376
20541.044607396125,0.552,0.368
20541.04485239764,0.52,0.384
20541.045097399154,0.528,0.368
20541.04534240067,0.504,0.384
20541.045587402186,0.496,0.368
20541.0458324037,0.52,0.376
20541.046077405215,0.512,0.368
20541.046322406728,0.496,0.376
20541.046567408244,0.504,0.368
20541.046812409757,0.52,0.384
20541.047057411273,0.504,0.368
20541.04730241279,0.512,0.384
20541.047547414302,0.512,0.384
20541.04779241582,0.496,0.368
20541.04803741733,0.52,0.368
20541.048282418848,0.496,0.376
20541.04852742036,0.496,0.368
20541.048772421876,0.512,0.376
20541.049017423393,0.496,0.368
20541.049262424905,0.512,0.376
20541.04950742642,0.496,0.368
20541.049752427934,0.512,0.376
20541.04999742945,0.512,0.376
20541.050242430963,0.536,0.384
20541.05048743248,0.528,0.384
20541.050732433996,0.544,0.424
20541.05097743551,0.544,0.41600000000000004
20541.051222437025,0.528,0.44
20541.051467438538,0.544,0.44
20541.051712440054,0.504,0.41600000000000004
20541.051957441567,0.504,0.432
20541.052202443083,0.512,0.41600000000000004
20541.0524474446,0.504,0.41600000000000004
20541.052692446112,0.512,0.432
20541.05293744763,0.496,0.424
20541.05318244914,0.512,0.384
20541.053427450657,0.496,0.384
20541.05367245217,0.512,0.40800000000000003
20541.053917453686,0.512,0.40800000000000003
20541.054162455202,0.496,0.44
20541.054407456715,0.496,0.424
20541.05465245823,0.512,0.44
20541.054897459744,0.504,0.432
20541.05514246126,0.496,0.44
20541.055387462777,0.496,0.424
20541.05563246429,0.512,0.4
20541.055877465806,0.512,0.4
20541.05612246732,0.496,0.432
20541.056367468835,0.504,0.41600000000000004
20541.056612470347,0.512,0.44
20541.056857471864,0.496,0.44
20541.05710247338,0.512,0.41600000000000004
20541.057347474893,0.496,0.41600000000000004
20541.05759247641,0.528,0.44
20541.05783747792,0.528,0.44
20541.058082479438,0.544,0.41600000000000004
20541.05832748095,0.544,0.432
20541.058572482467,0.528,0.384
20541.058817483983,0.536,0.376
20541.059062485496,0.504,0.392
20541.059307487012,0.504,0.392
20541.059552488525,0.536,0.376
20541.05979749004,0.544,0.368
20541.060042491554,0.528,0.392
20541.06028749307,0.528,0.40800000000000003
20541.060532494586,0.536,0.376
20541.0607774961,0.52,0.376
20541.061022497615,0.504,0.368
20541.061267499128,0.504,0.368
20541.061512500644,0.512,0.384
20541.061757502157,0.512,0.384
20541.062002503673,0.496,0.368
20541.06224750519,0.512,0.368
20541.062492506702,0.496,0.376
20541.06273750822,0.504,0.368
20541.06298250973,0.52,0.384
20541.063227511248,0.512,0.368
20541.06347251276,0.496,0.384
20541.063717514277,0.496,0.368
20541.063962515793,0.512,0.376
20541.064207517305,0.496,0.368
20541.06445251882,0.52,0.376
20541.064697520334,0.496,0.368
20541.06494252185,0.512,0.376
20541.065187523363,0.512,0.368
20541.06543252488,0.496,0.376
20541.065677526396,0.496,0.368
20541.06592252791,0.512,0.376
20541.066167529425,0.496,0.368
20541.066412530938,0.512,0.368
20541.066657532454,0.496,0.368
20541.066902533967,0.504,0.376
20541.067147535483,0.496,0.368
20541.067392537,0.52,0.376
20541.067637538512,0.512,0.368
20541.06788254003,0.496,0.384
20541.06812754154,0.496,0.368
20541.068372543057,0.528,0.376
20541.06861754457,0.52,0.368
20541.068862546086,0.536,0.376
20541.069107547602,0.536,0.368
20541.069352549115,0.52,0.376
20541.06959755063,0.536,0.368
20541.069842552144,0.512,0.384
20541.07008755366,0.528,0.376
20541.070332555173,0.544,0.368
20541.07057755669,0.528,0.368
20541.070822558206,0.552,0.376
20541.07106755972,0.528,0.368
20541.071312561235,0.544,0.376
20541.071557562747,0.528,0.368
20541.071802564264,0.544,0.384
20541.072047565776,0.536,0.376
20541.072292567293,0.528,0.368
20541.07253756881,0.528,0.368
20541.07278257032,0.512,0.376
20541.073027571838,0.52,0.368
20541.07327257335,0.544,0.376
20541.073517574867,0.536,0.368
20541.073762576383,0.544,0.376
20541.074007577896,0.552,0.368
20541.074252579412,0.52,0.376
20541.074497580925,0.52,0.368
20541.07474258244,0.56,0.376
20541.074987583954,0.552,0.368
20541.07523258547,0.528,0.376
20541.075477586986,0.544,0.368
20541.0757225885,0.528,0.376
20541.075967590015,0.552,0.376
20541.076212591528,0.52,0.368
20541.076457593044,0.52,0.368
20541.076702594557,0.504,0.4
20541.076947596073,0.504,0.4
20541.07719259759,0.528,0.424
20541.077437599102,0.496,0.424
20541.07768260062,0.52,0.432
20541.07792760213,0.512,0.448
20541.078172603648,0.496,0.424
20541.07841760516,0.504,0.424
20541.078662606677,0.52,0.432
20541.078907608193,0.504,0.44
20541.079152609705,0.536,0.424
20541.07939761122,0.52,0.424
20541.079642612734,0.504,0.44
20541.07988761425,0.512,0.448
20541.080132615763,0.536,0.424
20541.08037761728,0.528,0.432
20541.080622618796,0.544,0.448
20541.08086762031,0.544,0.44
20541.081112621825,0.528,0.424
20541.081357623338,0.536,0.44
20541.081602624854,0.544,0.424
20541.081847626367,0.544,0.432
20541.082092627883,0.528,0.448
20541.0823376294,0.528,0.44
20541.082582630912,0.504,0.432
20541.08282763243,0.504,0.432
20541.08307263394,0.512,0.448
20541.083317635457,0.504,0.432
20541.08356263697,0.52,0.44
20541.083807638486,0.496,0.432
20541.084052640002,0.52,0.448
20541.084297641515,0.504,0.44
20541.08454264303,0.52,0.432
20541.084787644544,0.496,0.44
20541.08503264606,0.512,0.424
20541.085277647573,0.52,0.41600000000000004
20541.08552264909,0.496,0.392
20541.085767650606,0.504,0.40800000000000003
20541.08601265212,0.52,0.424
20541.086257653635,0.504,0.424
20541.086502655147,0.52,0.44
20541.086747656664,0.512,0.44
20541.086992658176,0.496,0.424
20541.087237659693,0.504,0.424
20541.08748266121,0.52,0.44
20541.08772766272,0.504,0.424
20541.087972664238,0.512,0.44
20541.08821766575,0.496,0.424
20541.088462667267,0.512,0.44
20541.08870766878,0.512,0.424
20541.088952670296,0.496,0.448
20541.089197671812,0.496,0.448
20541.089442673325,0.512,0.392
20541.08968767484,0.504,0.392
20541.089932676354,0.496,0.41600000000000004
20541.09017767787,0.496,0.41600000000000004
20541.090422679383,0.52,0.432
20541.0906676809,0.512,0.44
20541.090912682415,0.552,0.424
20541.091157683928,0.536,0.44
20541.091402685444,0.552,0.392
20541.091647686957,0.536,0.4
20541.091892688473,0.56,0.384
20541.09213768999,0.552,0.4
20541.092382691502,0.536,0.376
20541.09262769302,0.544,0.376
20541.09287269453,0.56,0.352
20541.093117696048,0.56,0.352
20541.09336269756,0.536,0.28800000000000003
20541.093607699077,0.536,0.28
20541.093852700593,0.56,0.136
20541.094097702106,0.544,0.128
20541.09434270362,0.56,0.04
20541.094587705134,0.544,0.04
20541.09483270665,0.552,0.008
20541.095077708163,0.552,0.008
20541.09532270968,0.536,-0.008
20541.095567711196,0.544,-0.008
20541.09581271271,0.528,0.0
20541.096057714225,0.528,0.0
20541.096302715738,0.512,-0.008
20541.096547717254,0.512,0.0
20541.096792718767,0.56,-0.008
20541.097037720283,0.544,-0.008
20541.0972827218,0.56,0.0
20541.097527723312,0.544,-0.008
20541.09777272483,0.56,0.0
20541.09801772634,0.544,0.0
20541.098262727857,0.56,-0.008
20541.09850772937,0.536,0.0
20541.098752730886,0.56,-0.008
20541.098997732402,0.536,0.0
20541.099242733915,0.544,-0.008
20541.09948773543,0.552,0.0
20541.099732736944,0.52,-0.008
20541.09997773846,0.512,0.0
20541.100222739973,0.56,-0.008
20541.10046774149,0.544,-0.008
20541.100712743006,0.56,0.0
20541.10095774452,0.544,0.0
20541.101202746035,0.56,-0.016
20541.101447747547,0.544,-0.008
20541.101692749064,0.56,0.0
20541.101937750576,0.544,0.0
20541.102182752093,0.56,-0.008
20541.10242775361,0.544,-0.008
20541.10267275512,0.56,0.0
20541.102917756638,0.56,-0.008
20541.10316275815,0.544,0.0
20541.103407759667,0.544,0.0
20541.10365276118,0.56,-0.008
20541.103897762696,0.56,-0.008
20541.104142764212,0.536,0.0
20541.104387765725,0.536,0.0
20541.10463276724,0.504,-0.008
20541.104877768754,0.504,0.0
20541.10512277027,0.52,-0.016
20541.105367771783,0.52,-0.008
20541.1056127733,0.504,0.0
20541.105857774815,0.504,-0.008
20541.106102776328,0.52,0.0
20541.106347777844,0.504,-0.008
20541.106592779357,0.512,0.0
20541.106837780873,0.504,-0.008
20541.107082782386,0.52,0.0
20541.107327783902,0.52,0.0
20541.10757278542,0.504,-0.008
20541.10781778693,0.496,0.0
20541.108062788448,0.52,-0.008
20541.10830778996,0.504,0.0
20541.108552791477,0.52,-0.008
20541.10879779299,0.512,0.0
20541.109042794506,0.496,-0.008
20541.10928779602,0.504,-0.008
20541.109532797534,0.52,0.0
20541.10977779905,0.504,0.0
20541.110022800563,0.512,-0.008
20541.11026780208,0.512,0.0
20541.110512803596,0.496,-0.008
20541.11075780511,0.504,-0.008
20541.111002806625,0.52,0.0
20541.111247808138,0.512,-0.008
20541.111492809654,0.504,0.0
20541.111737811167,0.504,0.0
20541.111982812683,0.52,-0.008
20541.1122278142,0.52,0.0
20541.112472815712,0.504,-0.008
20541.11271781723,0.512,-0.008
20541.11296281874,0.496,0.0
20541.113207820257,0.536,0.0
20541.11345282177,0.512,-0.008
20541.113697823286,0.512,-0.008
20541.113942824803,0.536,0.0
20541.114187826315,0.528,0.0
20541.11443282783,0.544,-0.008
20541.114677829344,0.528,0.0
20541.11492283086,0.544,-0.016
20541.115167832373,0.512,0.0
20541.11541283389,0.528,-0.008
20541.115657835406,0.504,0.0
20541.11590283692,0.528,-0.016
20541.116147838435,0.504,0.0
20541.116392839947,0.52,-0.008
20541.116637841464,0.52,0.0
20541.116882842976,0.504,-0.008
20541.117127844493,0.496,0.0
20541.11737284601,0.512,-0.016
20541.11761784752,0.504,-0.016
20541.117862849038,0.52,0.0
20541.11810785055,0.52,-0.008
20541.118352852067,0.496,0.0
20541.11859785358,0.512,-0.008
20541.118842855096,0.496,0.0
20541.119087856612,0.496,0.0
20541.119332858125,0.52,-0.008
20541.11957785964,0.512,0.0
20541.119822861154,0.496,-0.016
20541.12006786267,0.496,0.0
20541.120312864183,0.528,-0.008
20541.1205578657,0.52,-0.008
20541.120802867215,0.504,0.0
20541.121047868728,0.496,-0.008
20541.121292870244,0.52,0.0
20541.121537871757,0.504,-0.008
20541.121782873273,0.52,0.0
20541.122027874786,0.504,-0.016
20541.122272876302,0.52,0.0
20541.12251787782,0.512,0.0
20541.12276287933,0.496,-0.008
20541.123007880848,0.504,0.0
20541.12325288236,0.528,-0.016
20541.123497883877,0.504,0.0
20541.12374288539,0.512,-0.016
20541.123987886906,0.52,0.0
20541.124232888422,0.496,-0.016
20541.124477889934,0.496,0.0
20541.12472289145,0.512,-0.016
20541.124967892963,0.512,0.0
20541.12521289448,0.496,-0.016
20541.125457895992,0.512,-0.016
20541.12570289751,0.496,0.0
20541.125947899025,0.496,0.0
20541.126192900538,0.512,-0.016
20541.126437902054,0.512,0.0
20541.126682903567,0.496,-0.016
20541.126927905083,0.52,0.0
20541.127172906596,0.496,-0.008
20541.127417908112,0.512,-0.008
20541.12766290963,0.496,0.0
20541.12790791114,0.496,0.0
20541.128152912657,0.52,-0.008
20541.12839791417,0.496,0.0
20541.128642915686,0.52,-0.016
20541.128887917203,0.504,0.0
20541.129132918715,0.528,-0.016
20541.12937792023,0.504,0.0
20541.129622921744,0.52,-0.016
20541.12986792326,0.52,-0.008
20541.130112924773,0.496,0.0
20541.13035792629,0.496,-0.016
20541.130602927806,0.504,0.0
20541.13084792932,0.512,0.0
20541.131092930835,0.496,-0.016
20541.131337932347,0.504,0.0
20541.131582933864,0.528,-0.008
20541.131827935376,0.52,-0.008
20541.132072936893,0.544,0.0
20541.13231793841,0.528,-0.008
20541.13256293992,0.544,0.0
20541.132807941438,0.536,0.0
20541.13305294295,0.504,-0.008
20541.133297944467,0.512,0.0
20541.13354294598,0.552,-0.016
20541.133787947496,0.544,-0.008
20541.134032949012,0.536,0.0
20541.134277950525,0.552,0.0
20541.13452295204,0.536,-0.008
20541.134767953554,0.544,-0.016
20541.13501295507,0.552,0.0
20541.135257956583,0.544,0.0
20541.1355029581,0.552,-0.016
20541.135747959615,0.544,0.0
20541.135992961128,0.56,-0.016
20541.136237962644,0.544,0.0
20541.136482964157,0.56,-0.016
20541.136727965673,0.544,0.0
20541.136972967186,0.56,-0.008
20541.137217968702,0.544,-0.008
20541.13746297022,0.552,0.0
20541.13770797173,0.56,0.0
20541.137952973248,0.536,-0.008
20541.13819797476,0.544,-0.008
20541.138442976277,0.56,0.0
20541.13868797779,0.544,-0.016
20541.138932979306,0.56,0.0
20541.139177980822,0.56,0.0
20541.139422982335,0.544,-0.008
20541.13966798385,0.544,-0.016
20541.139912985363,0.56,0.0
20541.14015798688,0.544,0.0
20541.140402988392,0.56,-0.008
20541.14064798991,0.544,-0.008
20541.140892991425,0.56,0.0
20541.141137992938,0.544,0.0
20541.141382994454,0.56,-0.008
20541.141627995967,0.544,0.0
20541.141872997483,0.56,-0.016
20541.142117998996,0.56,0.0
20541.142363000512,0.544,-0.016
20541.14260800203,0.536,0.0
20541.14285300354,0.56,-0.016
20541.143098005057,0.56,0.0
20541.14334300657,0.544,-0.008
20541.143588008086,0.544,0.0
20541.1438330096,0.56,-0.016
20541.144078011115,0.544,-0.008
20541.14432301263,0.56,0.0
20541.144568014144,0.544,0.0
20541.14481301566,0.56,-0.016
20541.145058017173,0.544,0.0
20541.14530301869,0.56,-0.016
20541.145548020202,0.544,0.0
20541.14579302172,0.56,-0.016
20541.146038023235,0.544,-0.016
20541.146283024747,0.56,0.0
20541.146528026264,0.544,-0.008
20541.146773027776,0.56,0.0
20541.147018029293,0.56,-0.008
20541.14726303081,0.544,0.0
20541.14750803232,0.544,-0.016
20541.147753033838,0.5680000000000001,0.0
20541.14799803535,0.544,0.0
20541.148243036867,0.56,-0.008
20541.14848803838,0.56,0.0
20541.148733039896,0.544,-0.016
20541.148978041412,0.56,0.0
20541.149223042925,0.536,-0.016
20541.14946804444,0.52,-0.016
20541.149713045954,0.552,0.0
20541.14995804747,0.536,-0.008
20541.150203048983,0.552,0.0
20541.1504480505,0.544,-0.016
20541.150693052015,0.528,0.0
20541.150938053528,0.528,0.0
20541.151183055044,0.552,-0.016
20541.151428056557,0.552,0.0
20541.151673058073,0.528,-0.016
20541.151918059586,0.528,0.0
20541.152163061102,0.504,-0.016
20541.15240806262,0.504,0.0
20541.15265306413,0.52,-0.008
20541.152898065648,0.504,0.0
20541.15314306716,0.52,-0.016
20541.153388068677,0.504,0.0
20541.15363307019,0.52,-0.008
20541.153878071706,0.504,0.0
20541.154123073222,0.52,-0.008
20541.154368074735,0.512,-0.008
20541.15461307625,0.496,0.032
20541.154858077763,0.504,0.032
20541.15510307928,0.528,0.136
20541.155348080792,0.52,0.14400000000000002
20541.15559308231,0.544,0.28
20541.155838083825,0.544,0.28
20541.156083085338,0.528,0.34400000000000003
20541.156328086854,0.536,0.352
20541.156573088367,0.552,0.376
20541.156818089883,0.544,0.368
20541.157063091396,0.528,0.376
20541.157308092912,0.528,0.376
20541.15755309443,0.544,0.4
20541.15779809594,0.528,0.392
20541.158043097457,0.544,0.41600000000000004
20541.15828809897,0.536,0.392
20541.158533100486,0.552,0.376
20541.158778102,0.544,0.368
20541.159023103515,0.52,0.376
20541.15926810503,0.52,0.368
20541.159513106544,0.504,0.384
20541.15975810806,0.512,0.368
20541.160003109573,0.504,0.376
20541.16024811109,0.504,0.368
20541.160493112602,0.52,0.376
20541.16073811412,0.52,0.368
20541.160983115635,0.504,0.376
20541.161228117147,0.496,0.368
20541.161473118664,0.52,0.384
20541.161718120176,0.504,0.368
20541.161963121693,0.52,0.376
20541.162208123205,0.512,0.368
20541.16245312472,0.496,0.376
20541.162698126238,0.504,0.368
20541.16294312775,0.52,0.384
20541.163188129267,0.528,0.368
20541.16343313078,0.504,0.368
20541.163678132296,0.504,0.368
20541.16392313381,0.52,0.384
20541.164168135325,0.52,0.368
20541.16441313684,0.544,0.376
20541.164658138354,0.544,0.368
20541.16490313987,0.52,0.376
20541.165148141383,0.504,0.368
20541.1653931429,0.528,0.376
20541.165638144415,0.52,0.368
20541.165883145928,0.496,0.376
20541.166128147444,0.504,0.368
20541.166373148957,0.512,0.376
20541.166618150473,0.496,0.376
20541.166863151986,0.512,0.40800000000000003
20541.167108153502,0.52,0.40800000000000003
20541.16735315502,0.496,0.44
20541.16759815653,0.512,0.432
20541.167843158048,0.536,0.44
20541.16808815956,0.544,0.44
20541.168333161077,0.512,0.424
20541.16857816259,0.504,0.424
20541.168823164106,0.52,0.392
20541.169068165622,0.504,0.376
20541.169313167135,0.512,0.392
20541.16955816865,0.504,0.392
20541.169803170164,0.52,0.40800000000000003
20541.17004817168,0.504,0.40800000000000003
20541.170293173192,0.512,0.44
20541.17053817471,0.504,0.44
20541.170783176225,0.52,0.424
20541.171028177738,0.504,0.44
20541.171273179254,0.512,0.4
20541.171518180767,0.504,0.4
20541.171763182283,0.52,0.376
20541.172008183796,0.512,0.376
20541.172253185312,0.496,0.384
20541.17249818683,0.504,0.384
20541.17274318834,0.512,0.368
20541.172988189857,0.504,0.384
20541.17323319137,0.52,0.376
20541.173478192886,0.496,0.376
20541.1737231944,0.504,0.40800000000000003
20541.173968195915,0.496,0.392
20541.17421319743,0.512,0.376
20541.174458198944,0.504,0.368
20541.17470320046,0.496,0.384
20541.174948201973,0.496,0.376
20541.17519320349,0.504,0.4
20541.175438205002,0.512,0.4
20541.17568320652,0.496,0.432
20541.175928208035,0.496,0.424
20541.176173209547,0.512,0.44
20541.176418211064,0.496,0.44
20541.176663212576,0.52,0.424
20541.176908214093,0.504,0.44
20541.177153215605,0.528,0.424
20541.17739821712,0.536,0.44
20541.177643218638,0.504,0.41600000000000004
20541.17788822015,0.52,0.44
20541.178133221667,0.496,0.392
20541.17837822318,0.52,0.4
20541.178623224696,0.504,0.384
20541.17886822621,0.504,0.392
20541.179113227725,0.52,0.40800000000000003
20541.17935822924,0.496,0.40800000000000003
20541.179603230754,0.52,0.432
20541.17984823227,0.512,0.432
20541.180093233783,0.544,0.4
20541.1803382353,0.544,0.392
20541.18058323681,0.52,0.376
20541.180828238328,0.52,0.376
20541.181073239844,0.496,0.376
20541.181318241357,0.496,0.376
20541.181563242873,0.512,0.384
20541.181808244386,0.496,0.376
20541.182053245902,0.528,0.40800000000000003
20541.182298247415,0.528,0.40800000000000003
20541.18254324893,0.536,0.432
20541.182788250448,0.528,0.44
20541.18303325196,0.544,0.424
20541.183278253477,0.528,0.44
20541.18352325499,0.544,0.41600000000000004
20541.183768256506,0.544,0.40800000000000003
20541.184013258022,0.528,0.432
20541.184258259535,0.528,0.40800000000000003
20541.18450326105,0.544,0.376
20541.184748262564,0.536,0.376
20541.18499326408,0.52,0.384
20541.185238265592,0.544,0.376
20541.18548326711,0.512,0.392
20541.185728268625,0.512,0.384
20541.185973270138,0.536,0.41600000000000004
20541.186218271654,0.552,0.432
20541.186463273167,0.528,0.41600000000000004
20541.186708274683,0.528,0.424
20541.186953276196,0.544,0.44
20541.187198277712,0.528,0.432
20541.18744327923,0.504,0.44
20541.18768828074,0.504,0.44
20541.187933282257,0.52,0.424
20541.18817828377,0.504,0.432
20541.188423285286,0.52,0.4
20541.1886682868,0.512,0.392
20541.188913288315,0.496,0.368
20541.18915828983,0.504,0.368
20541.189403291344,0.52,0.376
20541.18964829286,0.504,0.368
20541.189893294373,0.512,0.376
20541.19013829589,0.512,0.368
20541.190383297402,0.496,0.376
20541.19062829892,0.496,0.368
20541.190873300435,0.52,0.376
20541.191118301947,0.496,0.368
20541.191363303464,0.512,0.376
20541.191608304976,0.496,0.368
20541.191853306493,0.536,0.376
20541.192098308005,0.504,0.368
20541.19234330952,0.528,0.368
20541.192588311038,0.528,0.368
20541.19283331255,0.544,0.376
20541.193078314067,0.536,0.368
20541.19332331558,0.512,0.368
20541.193568317096,0.512,0.368
20541.19381331861,0.536,0.384
20541.194058320125,0.544,0.368
20541.19430332164,0.512,0.376
20541.194548323154,0.512,0.368
20541.19479332467,0.504,0.376
20541.195038326183,0.504,0.368
20541.1952833277,0.512,0.376
20541.19552832921,0.504,0.368
20541.195773330728,0.52,0.376
20541.196018332244,0.496,0.368
20541.196263333757,0.512,0.376
20541.196508335273,0.512,0.368
20541.196753336786,0.496,0.384
20541.196998338302,0.512,0.384
20541.197243339815,0.496,0.40800000000000003
20541.19748834133,0.52,0.376
20541.197733342848,0.496,0.392
20541.19797834436,0.496,0.384
20541.198223345877,0.52,0.368
20541.19846834739,0.52,0.368
20541.198713348906,0.544,0.41600000000000004
20541.19895835042,0.528,0.41600000000000004
20541.199203351935,0.496,0.44
20541.19944835345,0.504,0.44
20541.199693354964,0.496,0.424
20541.19993835648,0.496,0.432
20541.200183357993,0.528,0.448
20541.20042835951,0.52,0.44
20541.20067336102,0.528,0.424
20541.200918362538,0.52,0.432
20541.201163364054,0.496,0.4
20541.201408365567,0.496,0.4
20541.201653367083,0.536,0.384
20541.201898368596,0.528,0.376
20541.202143370112,0.544,0.384
20541.20238837163,0.528,0.376
20541.20263337314,0.544,0.392
20541.202878374657,0.544,0.392
20541.20312337617,0.512,0.41600000000000004
20541.203368377686,0.52,0.40800000000000003
20541.2036133792,0.496,0.392
20541.203858380715,0.496,0.392
20541.20410338223,0.512,0.376
20541.204348383744,0.504,0.376
20541.20459338526,0.496,0.392
20541.204838386773,0.496,0.384
20541.20508338829,0.512,0.4
20541.205328389802,0.496,0.384
20541.20557339132,0.52,0.392
20541.205818392835,0.496,0.392
20541.206063394347,0.512,0.376
20541.206308395864,0.52,0.376
20541.206553397376,0.496,0.368
20541.206798398893,0.496,0.384
20541.207043400405,0.512,0.368
20541.20728840192,0.496,0.368
20541.207533403438,0.512,0.376
20541.20777840495,0.512,0.368
20541.208023406467,0.496,0.376
20541.20826840798,0.496,0.368
20541.208513409496,0.504,0.376
20541.20875841101,0.496,0.368
20541.209003412525,0.512,0.376
20541.20924841404,0.496,0.368
20541.209493415554,0.504,0.384
20541.20973841707,0.496,0.368
20541.209983418583,0.512,0.376
20541.2102284201,0.504,0.376
20541.210473421612,0.52,0.4
20541.210718423128,0.496,0.4
20541.210963424644,0.512,0.424
20541.211208426157,0.512,0.424
20541.211453427673,0.536,0.44
20541.211698429186,0.52,0.432
20541.211943430702,0.536,0.40800000000000003
20541.212188432215,0.528,0.41600000000000004
20541.21243343373,0.504,0.44
20541.212678435248,0.496,0.424
20541.21292343676,0.512,0.44
20541.213168438277,0.504,0.432
20541.21341343979,0.496,0.424
20541.213658441306,0.496,0.44
20541.21390344282,0.512,0.4
20541.214148444335,0.496,0.392
20541.21439344585,0.512,0.384
20541.214638447364,0.504,0.384
20541.21488344888,0.512,0.432
20541.215128450393,0.504,0.432
20541.21537345191,0.496,0.4
20541.21561845342,0.496,0.392
20541.215863454938,0.512,0.312
20541.216108456454,0.512,0.312
20541.216353457967,0.496,0.152
20541.216598459483,0.512,0.14400000000000002
20541.216843460996,0.496,0.048
20541.217088462512,0.496,0.048
20541.217333464025,0.512,0.008
20541.21757846554,0.512,0.008
20541.217823467057,0.496,-0.008
20541.21806846857,0.496,0.0
20541.218313470086,0.544,-0.008
20541.2185584716,0.536,-0.008
20541.218803473115,0.528,0.0
20541.219048474628,0.52,0.0
20541.219293476144,0.544,-0.008
20541.21953847766,0.528,0.0
20541.219783479173,0.504,-0.008
20541.22002848069,0.504,-0.008
20541.220273482202,0.52,0.0
20541.22051848372,0.512,-0.008
20541.220763485235,0.544,0.0
20541.221008486747,0.544,0.0
20541.221253488264,0.52,-0.008
20541.221498489776,0.544,-0.008
20541.221743491293,0.528,0.0
20541.221988492805,0.528,0.0
20541.22223349432,0.536,-0.008
20541.222478495838,0.528,-0.008
20541.22272349735,0.544,0.0
20541.222968498867,0.536,-0.008
20541.22321350038,0.52,0.0
20541.223458501896,0.504,0.0
20541.22370350341,0.52,-0.008
20541.223948504925,0.512,0.0
20541.22419350644,0.496,-0.008
20541.224438507954,0.504,-0.008
20541.22468350947,0.52,0.0
20541.224928510983,0.504,0.0
20541.2251735125,0.52,-0.008
20541.225418514012,0.512,-0.008
20541.225663515528,0.496,0.0
20541.225908517044,0.52,0.0
20541.226153518557,0.496,-0.008
20541.226398520073,0.52,0.0
20541.226643521586,0.496,-0.008
20541.226888523102,0.496,0.0
20541.227133524615,0.512,-0.008
20541.22737852613,0.504,-0.008
20541.227623527648,0.512,0.0
20541.22786852916,0.528,-0.008
20541.228113530677,0.504,0.0
20541.22835853219,0.504,-0.008
20541.228603533706,0.52,0.0
20541.22884853522,0.504,-0.008
20541.229093536735,0.536,0.0
20541.22933853825,0.528,0.0
20541.229583539764,0.544,-0.008
20541.22982854128,0.528,0.0
20541.230073542793,0.544,-0.008
20541.23031854431,0.536,0.0
20541.23056354582,0.504,-0.008
20541.230808547338,0.504,0.0
20541.231053548854,0.536,-0.008
20541.231298550367,0.528,0.0
20541.231543551883,0.56,-0.008
20541.231788553396,0.552,0.0
20541.232033554912,0.536,-0.016
20541.232278556425,0.536,-0.008
20541.23252355794,0.552,0.0
20541.232768559457,0.552,0.0
20541.23301356097,0.536,-0.008
20541.233258562486,0.536,-0.008
20541.233503564,0.56,0.0
20541.233748565515,0.544,0.0
20541.233993567028,0.56,-0.016
20541.234238568544,0.544,0.0
20541.23448357006,0.56,-0.016
20541.234728571573,0.544,-0.016
20541.23497357309,0.56,0.0
20541.235218574602,0.544,-0.016
20541.23546357612,0.56,0.0
20541.23570857763,0.552,-0.016
20541.235953579147,0.536,0.0
20541.236198580664,0.544,-0.008
20541.236443582176,0.56,0.0
20541.236688583693,0.544,0.0
20541.236933585205,0.552,-0.008
20541.23717858672,0.544,-0.008
20541.237423588234,0.56,0.0
20541.23766858975,0.544,-0.008
20541.237913591267,0.56,0.0
20541.23815859278,0.544,0.0
20541.238403594296,0.56,-0.016
20541.23864859581,0.544,-0.008
20541.238893597325,0.56,0.0
20541.23913859884,0.544,0.0
20541.239383600354,0.56,-0.008
20541.23962860187,0.544,0.0
20541.239873603383,0.56,-0.016
20541.2401186049,0.544,0.0
20541.240363606412,0.56,-0.008
20541.240608607928,0.544,0.0
20541.240853609444,0.56,-0.008
20541.241098610957,0.56,0.0
20541.241343612473,0.536,-0.016
20541.241588613986,0.544,-0.008
20541.241833615502,0.512,0.0
20541.242078617015,0.528,-0.008
20541.24232361853,0.504,0.0
20541.242568620048,0.504,0.0
20541.24281362156,0.52,-0.016
20541.243058623077,0.528,0.0
20541.24330362459,0.504,-0.016
20541.243548626106,0.504,0.0
20541.24379362762,0.52,-0.016
20541.244038629135,0.504,0.0
20541.24428363065,0.52,-0.016
20541.244528632164,0.512,0.0
20541.24477363368,0.504,-0.016
20541.245018635193,0.504,0.0
20541.24526363671,0.52,-0.016
20541.24550863822,0.512,-0.008
20541.245753639738,0.496,0.0
20541.245998641254,0.504,0.0
20541.246243642767,0.52,-0.016
20541.246488644283,0.504,-0.008
20541.246733645796,0.52,0.0
20541.246978647312,0.512,0.0
20541.247223648825,0.536,-0.016
20541.24746865034,0.512,0.0
20541.247713651857,0.536,-0.008
20541.24795865337,0.528,0.0
20541.248203654886,0.544,-0.008
20541.2484486564,0.536,0.0
20541.248693657915,0.512,-0.008
20541.248938659428,0.52,0.0
20541.249183660944,0.552,-0.016
20541.24942866246,0.544,0.0
20541.249673663973,0.52,-0.016
20541.24991866549,0.528,0.0
20541.250163667002,0.504,-0.008
20541.25040866852,0.504,0.0
20541.25065367003,0.536,-0.008
20541.250898671547,0.552,0.0
20541.251143673064,0.528,-0.008
20541.251388674576,0.544,0.0
20541.251633676093,0.528,-0.016
20541.251878677605,0.544,-0.016
20541.25212367912,0.504,0.0
20541.252368680634,0.512,0.0
20541.25261368215,0.504,-0.016
20541.252858683667,0.512,0.0
20541.25310368518,0.496,-0.016
20541.253348686696,0.496,0.0
20541.25359368821,0.52,-0.016
20541.253838689725,0.52,0.0
20541.254083691238,0.496,-0.008
20541.254328692754,0.504,0.0
20541.25457369427,0.52,-0.008
20541.254818695783,0.504,-0.016
20541.2550636973,0.52,0.0
20541.255308698812,0.512,0.0
20541.255553700328,0.496,-0.008
20541.25579870184,0.504,-0.008
20541.256043703357,0.52,0.0
20541.256288704873,0.512,0.0
20541.256533706386,0.496,-0.008
20541.256778707902,0.496,-0.008
20541.257023709415,0.504,0.0
20541.25726871093,0.496,0.0
20541.257513712448,0.512,-0.016
20541.25775871396,0.504,0.0
20541.258003715477,0.512,-0.016
20541.25824871699,0.512,-0.008
20541.258493718506,0.544,0.0
20541.25873872002,0.528,0.0
20541.258983721535,0.544,-0.008
20541.25922872305,0.528,0.0
20541.259473724564,0.504,-0.016
20541.25971872608,0.512,0.0
20541.259963727593,0.552,-0.008
20541.26020872911,0.528,-0.016
20541.26045373062,0.544,0.0
20541.260698732138,0.528,0.0
20541.260943733654,0.504,-0.016
20541.261188735167,0.504,0.0
20541.261433736683,0.528,-0.008
20541.261678738196,0.504,-0.008
20541.261923739712,0.512,0.0
20541.262168741225,0.52,0.0
20541.26241374274,0.504,-0.016
20541.262658744257,0.504,0.0
20541.26290374577,0.512,-0.016
20541.263148747286,0.504,-0.008
20541.2633937488,0.512,0.0
20541.263638750315,0.504,0.0
20541.263883751828,0.528,-0.008
20541.264128753344,0.528,0.0
20541.26437375486,0.544,-0.016
20541.264618756373,0.536,0.0
20541.26486375789,0.52,-0.008
20541.265108759402,0.512,0.0
20541.26535376092,0.536,-0.008
20541.26559876243,0.544,0.0
20541.265843763947,0.528,-0.008
20541.266088765464,0.544,0.0
20541.266333766976,0.504,-0.016
20541.266578768493,0.504,0.0
20541.266823770005,0.52,-0.016
20541.26706877152,0.512,0.0
20541.267313773034,0.536,-0.016
20541.26755877455,0.528,0.0
20541.267803776067,0.552,-0.016
20541.26804877758,0.536,0.0
20541.268293779096,0.552,-0.016
20541.26853878061,0.544,0.0
20541.268783782125,0.528,-0.016
20541.269028783638,0.528,0.0
20541.269273785154,0.552,-0.016
20541.26951878667,0.544,0.0
20541.269763788183,0.52,-0.016
20541.2700087897,0.52,0.0
20541.270253791212,0.552,-0.016
20541.270498792728,0.544,0.0
20541.27074379424,0.552,-0.008
20541.270988795757,0.544,0.0
20541.271233797273,0.56,-0.008
20541.271478798786,0.544,-0.008
20541.271723800302,0.552,0.0
20541.271968801815,0.544,-0.016
20541.27221380333,0.552,0.0
20541.272458804844,0.544,0.0
20541.27270380636,0.56,-0.016
20541.272948807877,0.544,0.0
20541.27319380939,0.56,-0.016
20541.273438810906,0.544,0.0
20541.27368381242,0.56,-0.016
20541.273928813935,0.544,-0.008
20541.274173815447,0.552,0.0
20541.274418816964,0.544,-0.016
20541.27466381848,0.56,0.0
20541.274908819993,0.544,-0.008
20541.27515382151,0.56,0.0
20541.27539882302,0.544,0.0
20541.275643824538,0.56,-0.016
20541.275888826054,0.544,0.0
20541.276133827567,0.56,-0.016
20541.276378829083,0.544,-0.008
20541.276623830596,0.56,0.0
20541.276868832112,0.544,-0.008
20541.277113833625,0.56,0.04
20541.27735883514,0.544,0.032
20541.277603836657,0.56,0.16
20541.27784883817,0.544,0.168
20541.278093839686,0.56,0.32
20541.2783388412,0.544,0.32
20541.278583842715,0.56,0.4
20541.278828844228,0.56,0.4
20541.279073845744,0.544,0.432
20541.27931884726,0.544,0.424
20541.279563848773,0.56,0.44
20541.27980885029,0.544,0.44
20541.280053851802,0.56,0.432
20541.28029885332,0.544,0.44
20541.28054385483,0.56,0.424
20541.280788856347,0.56,0.424
20541.281033857864,0.544,0.44
20541.281278859376,0.56,0.424
20541.281523860893,0.544,0.44
20541.281768862405,0.544,0.432
20541.28201386392,0.56,0.44
20541.282258865434,0.544,0.432
20541.28250386695,0.56,0.448
20541.282748868467,0.544,0.424
20541.28299386998,0.56,0.448
20541.283238871496,0.544,0.448
20541.28348387301,0.56,0.424
20541.283728874525,0.552,0.44
20541.283973876038,0.544,0.432
20541.284218877554,0.544,0.432
20541.28446387907,0.56,0.448
20541.284708880583,0.56,0.44
20541.2849538821,0.544,0.424
20541.285198883612,0.544,0.424
20541.28544388513,0.56,0.44
20541.28568888664,0.56,0.41600000000000004
20541.285933888157,0.544,0.44
20541.286178889673,0.544,0.44
20541.286423891186,0.56,0.41600000000000004
20541.286668892702,0.544,0.424
20541.286913894215,0.56,0.44
20541.28715889573,0.544,0.424
20541.287403897244,0.56,0.44
20541.28764889876,0.544,0.432
20541.287893900277,0.536,0.44
20541.28813890179,0.528,0.424
20541.288383903306,0.552,0.44
20541.28862890482,0.536,0.44
20541.288873906335,0.544,0.424
20541.289118907847,0.536,0.432
20541.289363909364,0.552,0.448
20541.28960891088,0.536,0.432
20541.289853912393,0.512,0.448
20541.29009891391,0.52,0.44
20541.29034391542,0.504,0.432
20541.290588916938,0.528,0.432
20541.29083391845,0.504,0.44
20541.291078919967,0.52,0.44
20541.291323921483,0.504,0.432
20541.291568922996,0.504,0.44
20541.291813924512,0.512,0.432
20541.292058926025,0.504,0.44
20541.29230392754,0.52,0.432
20541.292548929054,0.52,0.44
20541.29279393057,0.504,0.432
20541.293038932086,0.504,0.432
20541.2932839336,0.528,0.44
20541.293528935115,0.52,0.44
20541.293773936628,0.544,0.424
20541.294018938144,0.536,0.424
20541.29426393966,0.544,0.44
20541.294508941173,0.536,0.432
20541.29475394269,0.552,0.384
20541.294998944202,0.544,0.392
20541.29524394572,0.52,0.376
20541.29548894723,0.512,0.376
20541.295733948748,0.544,0.384
20541.295978950264,0.536,0.384
20541.296223951776,0.56,0.432
20541.296468953293,0.544,0.424
20541.296713954805,0.56,0.44
20541.29695895632,0.544,0.44
20541.297203957834,0.56,0.392
20541.29744895935,0.544,0.392
20541.297693960867,0.56,0.376
20541.29793896238,0.544,0.376
20541.298183963896,0.56,0.384
20541.29842896541,0.544,0.376
20541.298673966925,0.56,0.368
20541.298918968438,0.544,0.376
20541.299163969954,0.552,0.4
20541.29940897147,0.544,0.392
20541.299653972983,0.56,0.376
20541.2998989745,0.544,0.384
20541.300143976012,0.56,0.376
20541.30038897753,0.544,0.376
20541.30063397904,0.56,0.392
20541.300878980557,0.56,0.392
20541.301123982073,0.544,0.41600000000000004
20541.301368983586,0.56,0.392
20541.301613985102,0.544,0.376
20541.301858986615,0.544,0.368
20541.30210398813,0.56,0.384
20541.302348989644,0.544,0.376
20541.30259399116,0.56,0.376
20541.302838992677,0.544,0.384
20541.30308399419,0.56,0.41600000000000004
20541.303328995706,0.544,0.41600000000000004
20541.30357399722,0.56,0.44
20541.303818998735,0.544,0.432
20541.304064000247,0.56,0.4
20541.304309001764,0.544,0.392
20541.30455400328,0.56,0.41600000000000004
20541.304799004793,0.544,0.41600000000000004
20541.30504400631,0.56,0.44
20541.30528900782,0.544,0.432
20541.305534009338,0.56,0.448
20541.30577901085,0.544,0.448
20541.306024012367,0.56,0.424
20541.306269013883,0.56,0.44
20541.306514015396,0.544,0.424
20541.306759016912,0.544,0.424
20541.307004018425,0.56,0.44
20541.30724901994,0.56,0.44
20541.307494021454,0.544,0.424
20541.30773902297,0.56,0.41600000000000004
20541.307984024486,0.536,0.432
20541.308229026,0.536,0.44
20541.308474027515,0.552,0.424
20541.308719029028,0.536,0.424
20541.308964030544,0.512,0.44
20541.309209032057,0.504,0.44
20541.309454033573,0.536,0.424
20541.30969903509,0.528,0.432
20541.309944036602,0.544,0.44
20541.31018903812,0.536,0.44
20541.31043403963,0.552,0.424
20541.310679041148,0.544,0.424
20541.31092404266,0.52,0.44
20541.311169044176,0.528,0.424
20541.311414045693,0.504,0.44
20541.311659047205,0.504,0.44
20541.31190404872,0.528,0.424
20541.312149050234,0.504,0.432
20541.31239405175,0.52,0.424
20541.312639053267,0.504,0.424
20541.31288405478,0.512,0.44
20541.313129056296,0.504,0.424
20541.31337405781,0.52,0.384
20541.313619059325,0.504,0.376
20541.313864060838,0.52,0.4
20541.314109062354,0.52,0.384
20541.31435406387,0.496,0.41600000000000004
20541.314599065383,0.512,0.40800000000000003
20541.3148440669,0.496,0.44
20541.315089068412,0.496,0.44
20541.31533406993,0.512,0.424
20541.31557907144,0.504,0.424
20541.315824072957,0.512,0.432
20541.316069074473,0.496,0.448
20541.316314075986,0.52,0.424
20541.316559077502,0.512,0.44
20541.316804079015,0.496,0.424
20541.31704908053,0.496,0.44
20541.317294082044,0.512,0.424
20541.31753908356,0.512,0.44
20541.317784085077,0.496,0.432
20541.31802908659,0.496,0.44
20541.318274088106,0.512,0.40800000000000003
20541.31851908962,0.512,0.4
20541.318764091135,0.496,0.384
20541.319009092647,0.512,0.392
20541.319254094164,0.496,0.424
20541.31949909568,0.496,0.424
20541.319744097193,0.512,0.384
20541.31998909871,0.496,0.376
20541.32023410022,0.512,0.392
20541.320479101738,0.496,0.376
20541.32072410325,0.512,0.4
