Time,Channel 1,Channel 2
21358.32257795334,0.512,0.0
21358.322822778424,0.536,-0.016
21358.32306760351,0.536,0.0
21358.323312428594,0.512,-0.016
21358.32355725368,0.52,-0.016
21358.323802078765,0.536,0.0
21358.32404690385,0.52,-0.016
21358.324291728935,0.544,0.0
21358.324536554017,0.536,-0.016
21358.324781379102,0.512,0.0
21358.325026204187,0.512,-0.016
21358.325271029273,0.528,0.0
21358.325515854358,0.536,0.0
21358.325760679443,0.52,-0.016
21358.32600550453,0.512,-0.016
21358.326250329614,0.528,0.0
21358.3264951547,0.528,-0.016
21358.326739979784,0.52,0.0
21358.32698480487,0.52,-0.016
21358.327229629955,0.536,0.0
21358.32747445504,0.52,-0.008
21358.327719280125,0.536,0.016
21358.32796410521,0.512,0.016
21358.328208930292,0.528,0.12
21358.328453755377,0.52,0.128
21358.328698580463,0.544,0.28
21358.328943405548,0.544,0.28800000000000003
21358.329188230633,0.512,0.36
21358.32943305572,0.52,0.36
21358.329677880804,0.528,0.384
21358.32992270589,0.52,0.384
21358.330167530974,0.536,0.4
21358.33041235606,0.52,0.392
21358.330657181144,0.544,0.4
21358.33090200623,0.536,0.392
21358.331146831315,0.512,0.4
21358.3313916564,0.512,0.4
21358.331636481485,0.536,0.392
21358.331881306567,0.52,0.392
21358.332126131652,0.528,0.40800000000000003
21358.332370956738,0.512,0.392
21358.332615781823,0.536,0.4
21358.332860606908,0.52,0.392
21358.333105431993,0.528,0.4
21358.33335025708,0.52,0.392
21358.333595082164,0.536,0.4
21358.33383990725,0.536,0.384
21358.334084732334,0.52,0.4
21358.33432955742,0.52,0.384
21358.334574382505,0.536,0.4
21358.33481920759,0.544,0.384
21358.335064032675,0.512,0.392
21358.33530885776,0.52,0.392
21358.335553682842,0.544,0.4
21358.335798507927,0.544,0.392
21358.336043333013,0.528,0.4
21358.336288158098,0.528,0.4
21358.336532983183,0.544,0.384
21358.33677780827,0.528,0.392
21358.337022633354,0.544,0.376
21358.33726745844,0.544,0.384
21358.337512283524,0.528,0.4
21358.33775710861,0.528,0.392
21358.338001933695,0.544,0.4
21358.33824675878,0.528,0.4
21358.338491583865,0.536,0.392
21358.33873640895,0.528,0.392
21358.338981234036,0.544,0.4
21358.339226059117,0.528,0.392
21358.339470884202,0.544,0.4
21358.339715709288,0.528,0.4
21358.339960534373,0.544,0.392
21358.34020535946,0.528,0.392
21358.340450184543,0.544,0.4
21358.34069500963,0.528,0.392
21358.340939834714,0.536,0.4
21358.3411846598,0.528,0.392
21358.341429484884,0.544,0.40800000000000003
21358.34167430997,0.528,0.4
21358.341919135055,0.536,0.392
21358.34216396014,0.528,0.392
21358.342408785225,0.544,0.40800000000000003
21358.34265361031,0.528,0.392
21358.342898435392,0.544,0.40800000000000003
21358.343143260478,0.528,0.392
21358.343388085563,0.544,0.4
21358.343632910648,0.528,0.392
21358.343877735733,0.544,0.4
21358.34412256082,0.528,0.392
21358.344367385904,0.544,0.40800000000000003
21358.34461221099,0.528,0.392
21358.344857036074,0.544,0.4
21358.34510186116,0.528,0.392
21358.345346686245,0.544,0.4
21358.34559151133,0.544,0.392
21358.345836336415,0.528,0.392
21358.3460811615,0.528,0.392
21358.346325986586,0.536,0.4
21358.346570811667,0.528,0.4
21358.346815636753,0.544,0.392
21358.347060461838,0.528,0.392
21358.347305286923,0.544,0.40800000000000003
21358.34755011201,0.528,0.392
21358.347794937094,0.544,0.4
21358.34803976218,0.544,0.392
21358.348284587264,0.528,0.4
21358.34852941235,0.528,0.392
21358.348774237435,0.544,0.4
21358.34901906252,0.528,0.392
21358.349263887605,0.544,0.4
21358.34950871269,0.528,0.392
21358.349753537776,0.544,0.4
21358.34999836286,0.528,0.392
21358.350243187942,0.544,0.4
21358.350488013028,0.528,0.392
21358.350732838113,0.536,0.40800000000000003
21358.350977663198,0.528,0.40800000000000003
21358.351222488283,0.536,0.392
21358.35146731337,0.528,0.40800000000000003
21358.351712138454,0.536,0.392
21358.35195696354,0.528,0.4
21358.352201788624,0.544,0.392
21358.35244661371,0.528,0.392
21358.352691438795,0.544,0.4
21358.35293626388,0.528,0.392
21358.353181088965,0.544,0.40800000000000003
21358.35342591405,0.528,0.392
21358.353670739136,0.544,0.4
21358.353915564217,0.528,0.392
21358.354160389303,0.544,0.4
21358.354405214388,0.528,0.392
21358.354650039473,0.536,0.40800000000000003
21358.35489486456,0.528,0.392
21358.355139689644,0.544,0.4
21358.35538451473,0.536,0.392
21358.355629339814,0.528,0.4
21358.3558741649,0.528,0.392
21358.356118989985,0.544,0.40800000000000003
21358.35636381507,0.528,0.392
21358.356608640155,0.544,0.40800000000000003
21358.35685346524,0.544,0.392
21358.357098290326,0.528,0.40800000000000003
21358.35734311541,0.528,0.392
21358.357587940493,0.544,0.4
21358.357832765578,0.528,0.392
21358.358077590663,0.544,0.4
21358.35832241575,0.528,0.392
21358.358567240834,0.536,0.4
21358.35881206592,0.528,0.392
21358.359056891004,0.544,0.4
21358.35930171609,0.528,0.392
21358.359546541174,0.544,0.4
21358.35979136626,0.528,0.392
21358.360036191345,0.544,0.4
21358.36028101643,0.528,0.392
21358.360525841515,0.536,0.384
21358.3607706666,0.528,0.384
21358.361015491686,0.544,0.384
21358.361260316768,0.528,0.384
21358.361505141853,0.544,0.4
21358.361749966938,0.528,0.384
21358.361994792023,0.544,0.4
21358.36223961711,0.528,0.392
21358.362484442194,0.544,0.40800000000000003
21358.36272926728,0.528,0.392
21358.362974092364,0.544,0.40800000000000003
21358.36321891745,0.528,0.392
21358.363463742535,0.544,0.4
21358.36370856762,0.528,0.392
21358.363953392705,0.544,0.40800000000000003
21358.36419821779,0.528,0.392
21358.364443042876,0.536,0.4
21358.36468786796,0.528,0.392
21358.364932693043,0.544,0.40800000000000003
21358.365177518128,0.528,0.392
21358.365422343213,0.544,0.4
21358.3656671683,0.528,0.392
21358.365911993384,0.536,0.40800000000000003
21358.36615681847,0.528,0.4
21358.366401643554,0.544,0.392
21358.36664646864,0.528,0.392
21358.366891293725,0.536,0.4
21358.36713611881,0.528,0.392
21358.367380943895,0.544,0.40800000000000003
21358.36762576898,0.544,0.392
21358.367870594066,0.528,0.40800000000000003
21358.36811541915,0.528,0.4
21358.368360244236,0.544,0.392
21358.368605069318,0.528,0.392
21358.368849894403,0.544,0.40800000000000003
21358.36909471949,0.528,0.392
21358.369339544573,0.536,0.40800000000000003
21358.36958436966,0.528,0.392
21358.369829194744,0.544,0.4
21358.37007401983,0.528,0.392
21358.370318844914,0.536,0.392
21358.37056367,0.528,0.392
21358.370808495085,0.544,0.392
21358.37105332017,0.528,0.4
21358.371298145255,0.544,0.392
21358.37154297034,0.528,0.392
21358.371787795426,0.544,0.40800000000000003
21358.37203262051,0.528,0.392
21358.372277445593,0.544,0.4
21358.372522270678,0.528,0.392
21358.372767095763,0.544,0.40800000000000003
21358.37301192085,0.528,0.392
21358.373256745934,0.544,0.40800000000000003
21358.37350157102,0.528,0.392
21358.373746396104,0.544,0.4
21358.37399122119,0.528,0.392
21358.374236046275,0.544,0.4
21358.37448087136,0.528,0.392
21358.374725696445,0.544,0.4
21358.37497052153,0.544,0.392
21358.375215346616,0.528,0.4
21358.3754601717,0.528,0.392
21358.375704996786,0.544,0.40800000000000003
21358.375949821868,0.528,0.40800000000000003
21358.376194646953,0.544,0.392
21358.37643947204,0.528,0.392
21358.376684297124,0.544,0.4
21358.37692912221,0.528,0.392
21358.377173947294,0.544,0.4
21358.37741877238,0.528,0.392
21358.377663597465,0.536,0.392
21358.37790842255,0.536,0.392
21358.378153247635,0.52,0.4
21358.37839807272,0.528,0.392
21358.378642897806,0.536,0.40800000000000003
21358.37888772289,0.528,0.392
21358.379132547976,0.544,0.4
21358.37937737306,0.528,0.392
21358.379622198143,0.536,0.40800000000000003
21358.379867023228,0.528,0.392
21358.380111848313,0.536,0.4
21358.3803566734,0.528,0.392
21358.380601498484,0.544,0.4
21358.38084632357,0.528,0.4
21358.381091148654,0.544,0.392
21358.38133597374,0.528,0.392
21358.381580798825,0.536,0.4
21358.38182562391,0.528,0.392
21358.382070448995,0.544,0.4
21358.38231527408,0.528,0.392
21358.382560099166,0.536,0.392
21358.38280492425,0.528,0.392
21358.383049749336,0.544,0.4
21358.383294574418,0.528,0.392
21358.383539399503,0.544,0.4
21358.38378422459,0.528,0.392
21358.384029049674,0.544,0.40800000000000003
21358.38427387476,0.528,0.392
21358.384518699844,0.544,0.4
21358.38476352493,0.544,0.392
21358.385008350015,0.52,0.392
21358.3852531751,0.52,0.392
21358.385498000185,0.536,0.4
21358.38574282527,0.52,0.4
21358.385987650356,0.536,0.392
21358.38623247544,0.52,0.392
21358.386477300526,0.536,0.4
21358.38672212561,0.536,0.392
21358.386966950693,0.512,0.4
21358.38721177578,0.512,0.392
21358.387456600864,0.528,0.4
21358.38770142595,0.512,0.392
21358.387946251034,0.528,0.4
21358.38819107612,0.52,0.392
21358.388435901205,0.544,0.384
21358.38868072629,0.528,0.376
21358.388925551375,0.544,0.312
21358.38917037646,0.528,0.312
21358.389415201545,0.544,0.168
21358.38966002663,0.528,0.16
21358.389904851716,0.544,0.064
21358.3901496768,0.528,0.056
21358.390394501886,0.536,0.008
21358.390639326968,0.528,0.016
21358.390884152053,0.544,-0.008
21358.39112897714,0.528,0.0
21358.391373802224,0.544,-0.008
21358.39161862731,0.528,-0.016
21358.391863452394,0.544,0.0
21358.39210827748,0.528,-0.008
21358.392353102565,0.544,0.0
21358.39259792765,0.528,-0.008
21358.392842752735,0.536,0.0
21358.39308757782,0.528,0.0
21358.393332402906,0.544,-0.008
21358.39357722799,0.528,-0.008
21358.393822053076,0.536,0.0
21358.39406687816,0.528,0.0
21358.394311703243,0.544,-0.008
21358.39455652833,0.528,0.0
21358.394801353414,0.544,-0.016
21358.3950461785,0.528,-0.008
21358.395291003584,0.544,0.0
21358.39553582867,0.528,-0.016
21358.395780653755,0.544,0.0
21358.39602547884,0.528,-0.008
21358.396270303925,0.544,0.0
21358.39651512901,0.528,0.0
21358.396759954096,0.544,-0.016
21358.39700477918,0.528,-0.016
21358.397249604266,0.536,0.0
21358.39749442935,0.52,-0.016
21358.397739254437,0.544,0.0
21358.39798407952,0.536,0.0
21358.398228904603,0.52,-0.008
21358.39847372969,0.512,0.0
21358.398718554774,0.528,-0.016
21358.39896337986,0.512,0.0
21358.399208204944,0.528,-0.016
21358.39945303003,0.512,0.0
21358.399697855115,0.528,-0.016
21358.3999426802,0.512,0.0
21358.400187505285,0.544,-0.008
21358.40043233037,0.528,-0.008
21358.400677155456,0.544,0.0
21358.40092198054,0.528,0.0
21358.401166805626,0.544,-0.016
21358.40141163071,0.544,-0.008
21358.401656455793,0.528,0.0
21358.40190128088,0.528,-0.008
21358.402146105964,0.544,0.0
21358.40239093105,0.528,0.0
21358.402635756134,0.544,-0.016
21358.40288058122,0.528,0.0
21358.403125406305,0.536,-0.016
21358.40337023139,0.528,0.0
21358.403615056475,0.536,-0.016
21358.40385988156,0.528,0.0
21358.404104706646,0.544,-0.016
21358.40434953173,0.528,0.0
21358.404594356816,0.544,-0.016
21358.4048391819,0.528,0.0
21358.405084006987,0.544,-0.016
21358.40532883207,0.528,-0.016
21358.405573657154,0.544,0.0
21358.40581848224,0.528,0.0
21358.406063307324,0.544,-0.016
21358.40630813241,0.528,0.0
21358.406552957495,0.536,-0.016
21358.40679778258,0.528,-0.008
21358.407042607665,0.544,0.0
21358.40728743275,0.528,-0.016
21358.407532257836,0.536,0.0
21358.40777708292,0.528,-0.016
21358.408021908006,0.544,0.0
21358.40826673309,0.528,0.0
21358.408511558177,0.544,-0.016
21358.40875638326,0.544,0.0
21358.409001208343,0.528,-0.016
21358.40924603343,0.528,0.0
21358.409490858514,0.544,-0.016
21358.4097356836,0.528,-0.016
21358.409980508684,0.544,0.0
21358.41022533377,0.528,-0.016
21358.410470158855,0.536,0.0
21358.41071498394,0.528,-0.016
21358.410959809025,0.544,0.0
21358.41120463411,0.528,-0.016
21358.411449459196,0.544,0.0
21358.41169428428,0.528,0.0
21358.411939109366,0.544,-0.016
21358.41218393445,0.528,-0.016
21358.412428759537,0.544,0.0
21358.41267358462,0.528,-0.016
21358.412918409704,0.544,0.0
21358.41316323479,0.528,0.0
21358.413408059874,0.544,-0.016
21358.41365288496,0.528,-0.016
21358.413897710045,0.544,0.0
21358.41414253513,0.528,0.0
21358.414387360215,0.544,-0.016
21358.4146321853,0.528,-0.016
21358.414877010386,0.544,0.0
21358.41512183547,0.528,0.0
21358.415366660556,0.536,-0.016
21358.41561148564,0.528,-0.016
21358.415856310727,0.544,0.0
21358.416101135812,0.536,0.0
21358.416345960894,0.528,-0.016
21358.41659078598,0.528,-0.016
21358.416835611064,0.544,0.0
21358.41708043615,0.528,-0.016
21358.417325261235,0.552,0.0
21358.41757008632,0.528,0.0
21358.417814911405,0.536,-0.016
21358.41805973649,0.528,0.0
21358.418304561575,0.536,-0.016
21358.41854938666,0.528,0.0
21358.418794211746,0.536,-0.016
21358.41903903683,0.528,0.0
21358.419283861916,0.544,-0.016
21358.419528687,0.544,-0.016
21358.419773512087,0.528,0.0
21358.42001833717,0.528,-0.016
21358.420263162254,0.544,0.0
21358.42050798734,0.528,-0.016
21358.420752812424,0.544,0.0
21358.42099763751,0.536,-0.016
21358.421242462595,0.528,0.0
21358.42148728768,0.528,0.0
21358.421732112765,0.544,-0.016
21358.42197693785,0.528,-0.008
21358.422221762936,0.536,-0.016
21358.42246658802,0.528,0.0
21358.422711413106,0.544,-0.016
21358.42295623819,0.528,-0.016
21358.423201063277,0.544,0.0
21358.423445888362,0.528,0.0
21358.423690713444,0.544,-0.016
21358.42393553853,0.528,-0.016
21358.424180363614,0.544,0.0
21358.4244251887,0.528,0.0
21358.424670013785,0.544,-0.016
21358.42491483887,0.528,-0.016
21358.425159663955,0.544,0.0
21358.42540448904,0.544,-0.016
21358.425649314126,0.528,0.0
21358.42589413921,0.544,-0.016
21358.426138964296,0.528,0.0
21358.42638378938,0.528,-0.016
21358.426628614467,0.544,0.0
21358.426873439552,0.528,-0.016
21358.427118264637,0.544,0.0
21358.42736308972,0.528,0.0
21358.427607914804,0.536,-0.016
21358.42785273989,0.528,-0.016
21358.428097564974,0.536,0.0
21358.42834239006,0.528,-0.016
21358.428587215145,0.536,0.0
21358.42883204023,0.528,-0.016
21358.429076865315,0.544,0.0
21358.4293216904,0.528,-0.016
21358.429566515486,0.544,0.0
21358.42981134057,0.528,-0.016
21358.430056165656,0.536,0.0
21358.43030099074,0.528,-0.016
21358.430545815827,0.544,0.0
21358.430790640912,0.528,-0.016
21358.431035465994,0.544,0.0
21358.43128029108,0.528,-0.016
21358.431525116164,0.544,0.0
21358.43176994125,0.528,-0.016
21358.432014766335,0.544,0.0
21358.43225959142,0.544,-0.016
21358.432504416505,0.528,0.0
21358.43274924159,0.52,0.0
21358.432994066676,0.528,-0.016
21358.43323889176,0.52,0.0
21358.433483716846,0.536,-0.016
21358.43372854193,0.536,-0.016
21358.433973367017,0.512,0.0
21358.434218192102,0.512,-0.016
21358.434463017187,0.52,0.0
21358.43470784227,0.512,-0.016
21358.434952667354,0.536,0.0
21358.43519749244,0.528,0.0
21358.435442317525,0.512,-0.016
21358.43568714261,0.512,-0.016
21358.435931967695,0.528,0.0
21358.43617679278,0.52,0.0
21358.436421617866,0.536,-0.016
21358.43666644295,0.52,-0.016
21358.436911268036,0.536,0.0
21358.43715609312,0.52,-0.016
21358.437400918207,0.528,0.0
21358.43764574329,0.536,-0.016
21358.437890568377,0.512,0.0
21358.438135393462,0.512,-0.016
21358.438380218544,0.536,0.0
21358.43862504363,0.512,0.0
21358.438869868714,0.528,-0.016
21358.4391146938,0.512,0.0
21358.439359518885,0.528,-0.016
21358.43960434397,0.52,0.0
21358.439849169055,0.544,-0.016
21358.44009399414,0.528,-0.016
21358.440338819226,0.512,0.0
21358.44058364431,0.512,-0.016
21358.440828469396,0.528,0.0
21358.44107329448,0.512,-0.016
21358.441318119567,0.528,0.0
21358.441562944652,0.512,-0.016
21358.441807769737,0.528,0.0
21358.44205259482,0.512,-0.016
21358.442297419904,0.536,0.0
21358.44254224499,0.52,-0.016
21358.442787070075,0.528,0.0
21358.44303189516,0.536,0.0
21358.443276720245,0.512,-0.016
21358.44352154533,0.512,-0.016
21358.443766370416,0.528,0.0
21358.4440111955,0.52,-0.016
21358.444256020586,0.528,0.0
21358.44450084567,0.52,-0.016
21358.444745670757,0.536,0.0
21358.444990495842,0.536,0.0
21358.445235320927,0.512,-0.016
21358.445480146012,0.512,-0.016
21358.445724971094,0.544,0.0
21358.44596979618,0.528,0.0
21358.446214621265,0.544,-0.016
21358.44645944635,0.528,0.0
21358.446704271435,0.544,-0.016
21358.44694909652,0.536,-0.016
21358.447193921606,0.528,0.0
21358.44743874669,0.528,-0.016
21358.447683571776,0.544,0.0
21358.44792839686,0.528,-0.016
21358.448173221946,0.544,0.0
21358.44841804703,0.528,0.0
21358.448662872117,0.536,-0.016
21358.448907697202,0.544,-0.016
21358.449152522287,0.528,0.0
21358.44939734737,0.528,-0.016
21358.449642172454,0.544,0.0
21358.44988699754,0.528,-0.008
21358.450131822625,0.544,0.024
21358.45037664771,0.528,0.024
21358.450621472795,0.544,0.12
21358.45086629788,0.544,0.128
21358.451111122966,0.528,0.28
21358.45135594805,0.528,0.28
21358.451600773136,0.544,0.352
21358.45184559822,0.528,0.352
21358.452090423307,0.544,0.376
21358.452335248392,0.536,0.376
21358.452580073477,0.52,0.392
21358.452824898563,0.52,0.384
21358.453069723644,0.528,0.4
21358.45331454873,0.528,0.384
21358.453559373815,0.52,0.392
21358.4538041989,0.52,0.384
21358.454049023985,0.536,0.392
21358.45429384907,0.528,0.384
21358.454538674156,0.52,0.384
21358.45478349924,0.52,0.384
21358.455028324326,0.528,0.4
21358.45527314941,0.52,0.392
21358.455517974497,0.536,0.4
21358.455762799582,0.536,0.392
21358.456007624667,0.52,0.4
21358.456252449752,0.528,0.392
21358.456497274838,0.512,0.384
21358.45674209992,0.52,0.4
21358.456986925004,0.536,0.384
21358.45723175009,0.536,0.384
21358.457476575175,0.52,0.392
21358.45772140026,0.52,0.384
21358.457966225345,0.536,0.4
21358.45821105043,0.52,0.392
21358.458455875516,0.544,0.40800000000000003
21358.4587007006,0.528,0.392
21358.458945525686,0.544,0.40800000000000003
21358.45919035077,0.528,0.392
21358.459435175857,0.544,0.384
21358.459680000942,0.528,0.392
21358.459924826027,0.544,0.384
21358.460169651113,0.528,0.392
21358.460414476194,0.536,0.384
21358.46065930128,0.528,0.392
21358.460904126365,0.536,0.4
21358.46114895145,0.544,0.4
21358.461393776535,0.528,0.392
21358.46163860162,0.528,0.4
21358.461883426706,0.544,0.392
21358.46212825179,0.528,0.392
21358.462373076876,0.536,0.4
21358.46261790196,0.528,0.392
21358.462862727047,0.536,0.4
21358.463107552132,0.528,0.392
21358.463352377217,0.544,0.4
21358.463597202302,0.528,0.40800000000000003
21358.463842027388,0.544,0.392
21358.46408685247,0.528,0.4
21358.464331677555,0.544,0.392
21358.46457650264,0.528,0.4
21358.464821327725,0.544,0.392
21358.46506615281,0.528,0.392
21358.465310977896,0.536,0.4
21358.46555580298,0.528,0.392
21358.465800628066,0.544,0.40800000000000003
21358.46604545315,0.544,0.40800000000000003
21358.466290278237,0.528,0.392
21358.46653510332,0.528,0.4
21358.466779928407,0.536,0.392
21358.467024753492,0.528,0.392
21358.467269578578,0.544,0.40800000000000003
21358.467514403663,0.544,0.392
21358.467759228744,0.528,0.4
21358.46800405383,0.528,0.392
21358.468248878915,0.536,0.40800000000000003
21358.468493704,0.528,0.40800000000000003
21358.468738529085,0.536,0.392
21358.46898335417,0.528,0.392
21358.469228179256,0.536,0.40800000000000003
21358.46947300434,0.528,0.392
21358.469717829426,0.544,0.40800000000000003
21358.46996265451,0.528,0.392
21358.470207479597,0.536,0.40800000000000003
21358.470452304682,0.528,0.392
21358.470697129767,0.536,0.40800000000000003
21358.470941954853,0.528,0.392
21358.471186779938,0.544,0.40800000000000003
21358.47143160502,0.544,0.392
21358.471676430105,0.528,0.4
21358.47192125519,0.528,0.392
21358.472166080275,0.544,0.4
21358.47241090536,0.528,0.392
21358.472655730446,0.544,0.4
21358.47290055553,0.528,0.392
21358.473145380616,0.536,0.4
21358.4733902057,0.528,0.392
21358.473635030787,0.544,0.40800000000000003
21358.473879855872,0.528,0.4
21358.474124680957,0.536,0.392
21358.474369506042,0.528,0.392
21358.474614331128,0.544,0.4
21358.474859156213,0.528,0.392
21358.475103981295,0.544,0.40800000000000003
21358.47534880638,0.536,0.392
21358.475593631465,0.52,0.4
21358.47583845655,0.52,0.4
21358.476083281636,0.536,0.392
21358.47632810672,0.52,0.40800000000000003
21358.476572931806,0.544,0.392
21358.47681775689,0.544,0.392
21358.477062581976,0.512,0.4
21358.47730740706,0.512,0.392
21358.477552232147,0.536,0.40800000000000003
21358.477797057232,0.536,0.392
21358.478041882317,0.52,0.4
21358.478286707403,0.528,0.392
21358.478531532488,0.512,0.4
21358.47877635757,0.528,0.4
21358.479021182655,0.512,0.392
21358.47926600774,0.52,0.392
21358.479510832825,0.528,0.4
21358.47975565791,0.52,0.392
21358.480000482996,0.528,0.4
21358.48024530808,0.52,0.392
21358.480490133166,0.536,0.40800000000000003
21358.48073495825,0.528,0.4
21358.480979783337,0.544,0.392
21358.481224608422,0.528,0.392
21358.481469433507,0.544,0.40800000000000003
21358.481714258593,0.528,0.392
21358.481959083678,0.536,0.40800000000000003
21358.482203908763,0.528,0.392
21358.482448733845,0.544,0.4
21358.48269355893,0.544,0.392
21358.482938384015,0.528,0.40800000000000003
21358.4831832091,0.528,0.392
21358.483428034186,0.544,0.40800000000000003
21358.48367285927,0.528,0.392
21358.483917684356,0.544,0.40800000000000003
21358.48416250944,0.528,0.4
21358.484407334527,0.544,0.392
21358.484652159612,0.52,0.392
21358.484896984697,0.536,0.40800000000000003
21358.485141809782,0.52,0.40800000000000003
21358.485386634868,0.536,0.392
21358.485631459953,0.536,0.392
21358.485876285038,0.52,0.4
21358.48612111012,0.52,0.392
21358.486365935205,0.536,0.40800000000000003
21358.48661076029,0.52,0.392
21358.486855585375,0.544,0.4
21358.48710041046,0.512,0.392
21358.487345235546,0.528,0.4
21358.48759006063,0.52,0.392
21358.487834885716,0.536,0.4
21358.4880797108,0.52,0.392
21358.488324535887,0.544,0.4
21358.488569360972,0.52,0.392
21358.488814186057,0.544,0.40800000000000003
21358.489059011143,0.528,0.392
21358.489303836228,0.544,0.4
21358.489548661313,0.52,0.392
21358.489793486395,0.536,0.4
21358.49003831148,0.536,0.392
21358.490283136565,0.512,0.40800000000000003
21358.49052796165,0.512,0.392
21358.490772786736,0.536,0.4
21358.49101761182,0.52,0.392
21358.491262436906,0.536,0.40800000000000003
21358.49150726199,0.52,0.392
21358.491752087077,0.544,0.40800000000000003
21358.491996912162,0.544,0.392
21358.492241737247,0.512,0.4
21358.492486562332,0.512,0.392
21358.492731387418,0.536,0.4
21358.492976212503,0.536,0.4
21358.49322103759,0.52,0.392
21358.49346586267,0.536,0.40800000000000003
21358.493710687755,0.52,0.392
21358.49395551284,0.536,0.392
21358.494200337926,0.512,0.40800000000000003
21358.49444516301,0.536,0.392
21358.494689988096,0.512,0.4
21358.49493481318,0.528,0.392
21358.495179638267,0.512,0.40800000000000003
21358.49542446335,0.512,0.392
21358.495669288437,0.528,0.4
21358.495914113522,0.52,0.392
21358.496158938608,0.536,0.40800000000000003
21358.496403763693,0.52,0.392
21358.496648588778,0.544,0.4
21358.496893413863,0.528,0.392
21358.497138238945,0.544,0.392
21358.49738306403,0.528,0.392
21358.497627889115,0.544,0.4
21358.4978727142,0.544,0.392
21358.498117539286,0.528,0.4
21358.49836236437,0.528,0.392
21358.498607189456,0.544,0.40800000000000003
21358.49885201454,0.544,0.392
21358.499096839627,0.528,0.4
21358.499341664712,0.528,0.392
21358.499586489797,0.544,0.4
21358.499831314883,0.528,0.40800000000000003
21358.500076139968,0.536,0.392
21358.500320965053,0.528,0.4
21358.50056579014,0.544,0.392
21358.50081061522,0.528,0.4
21358.501055440305,0.544,0.392
21358.50130026539,0.528,0.392
21358.501545090476,0.544,0.4
21358.50178991556,0.528,0.392
21358.502034740646,0.544,0.4
21358.50227956573,0.528,0.392
21358.502524390817,0.544,0.4
21358.502769215902,0.528,0.4
21358.503014040987,0.544,0.392
21358.503258866072,0.528,0.4
21358.503503691158,0.544,0.392
21358.503748516243,0.528,0.392
21358.503993341328,0.544,0.40800000000000003
21358.504238166413,0.528,0.392
21358.504482991495,0.544,0.40800000000000003
21358.50472781658,0.528,0.392
21358.504972641666,0.536,0.392
21358.50521746675,0.528,0.392
21358.505462291836,0.536,0.4
21358.50570711692,0.528,0.392
21358.505951942007,0.544,0.4
21358.50619676709,0.528,0.392
21358.506441592177,0.544,0.392
21358.506686417262,0.528,0.392
21358.506931242347,0.536,0.4
21358.507176067433,0.528,0.392
21358.507420892518,0.544,0.4
21358.507665717603,0.528,0.392
21358.50791054269,0.544,0.40800000000000003
21358.50815536777,0.528,0.4
21358.508400192855,0.544,0.392
21358.50864501794,0.528,0.392
21358.508889843026,0.536,0.4
21358.50913466811,0.544,0.392
21358.509379493196,0.528,0.4
21358.50962431828,0.528,0.392
21358.509869143367,0.536,0.4
21358.510113968452,0.528,0.392
21358.510358793537,0.544,0.40800000000000003
21358.510603618623,0.528,0.4
21358.510848443708,0.544,0.384
21358.511093268793,0.528,0.376
21358.51133809388,0.544,0.32
21358.511582918964,0.528,0.312
21358.511827744045,0.544,0.168
21358.51207256913,0.528,0.16
21358.512317394216,0.544,0.056
21358.5125622193,0.528,0.048
21358.512807044386,0.536,0.008
21358.51305186947,0.528,0.016
21358.513296694557,0.544,-0.008
21358.513541519642,0.544,-0.008
21358.513786344727,0.528,0.0
21358.514031169812,0.528,0.0
21358.514275994898,0.544,-0.008
21358.514520819983,0.528,0.0
21358.514765645068,0.544,-0.016
21358.515010470153,0.528,-0.008
21358.51525529524,0.536,0.0
21358.51550012032,0.544,0.0
21358.515744945405,0.528,-0.008
21358.51598977049,0.528,-0.008
21358.516234595576,0.544,0.0
21358.51647942066,0.528,-0.016
21358.516724245746,0.544,0.0
21358.51696907083,0.544,0.0
21358.517213895917,0.528,-0.008
21358.517458721002,0.528,0.0
21358.517703546087,0.544,-0.016
21358.517948371173,0.544,0.0
21358.518193196258,0.528,-0.016
21358.518438021343,0.528,0.0
21358.51868284643,0.544,-0.016
21358.518927671514,0.528,0.0
21358.519172496595,0.544,-0.016
21358.51941732168,0.528,0.0
21358.519662146766,0.544,-0.016
21358.51990697185,0.528,0.0
21358.520151796936,0.536,-0.016
21358.52039662202,0.528,0.0
21358.520641447107,0.536,-0.008
21358.520886272192,0.528,-0.008
21358.521131097277,0.536,0.0
21358.521375922362,0.528,-0.008
21358.521620747448,0.544,0.0
21358.521865572533,0.544,-0.008
21358.52211039762,0.528,0.0
21358.522355222703,0.528,-0.008
21358.52260004779,0.544,0.0
21358.52284487287,0.528,-0.016
21358.523089697956,0.544,0.0
21358.52333452304,0.528,0.0
21358.523579348126,0.544,-0.016
21358.52382417321,0.528,-0.008
21358.524068998297,0.544,0.0
21358.52431382338,0.528,-0.008
21358.524558648467,0.544,0.0
21358.524803473552,0.544,-0.008
21358.525048298638,0.52,0.0
21358.525293123723,0.528,0.0
21358.525537948808,0.536,-0.008
21358.525782773893,0.544,-0.016
21358.52602759898,0.52,0.0
21358.526272424064,0.544,-0.008
21358.526517249145,0.528,0.0
21358.52676207423,0.528,0.0
21358.527006899316,0.544,-0.016
21358.5272517244,0.528,-0.016
21358.527496549486,0.544,0.0
21358.52774137457,0.528,-0.016
21358.527986199657,0.544,0.0
21358.528231024742,0.528,0.0
21358.528475849827,0.544,-0.008
21358.528720674913,0.528,-0.016
21358.528965499998,0.544,0.0
21358.529210325083,0.528,-0.016
21358.52945515017,0.544,0.0
21358.529699975254,0.528,0.0
21358.52994480034,0.536,-0.016
21358.53018962542,0.528,0.0
21358.530434450506,0.536,-0.016
21358.53067927559,0.528,0.0
21358.530924100676,0.544,-0.016
21358.53116892576,0.528,0.0
21358.531413750847,0.544,-0.016
21358.531658575932,0.528,-0.016
21358.531903401017,0.536,0.0
21358.532148226102,0.528,-0.016
21358.532393051188,0.544,0.0
21358.532637876273,0.528,0.0
21358.532882701358,0.544,-0.016
21358.533127526443,0.528,0.0
21358.53337235153,0.544,-0.016
21358.533617176614,0.528,-0.016
21358.533862001696,0.536,0.0
21358.53410682678,0.528,-0.016
21358.534351651866,0.544,0.0
21358.53459647695,0.536,0.0
21358.534841302037,0.52,-0.016
21358.53508612712,0.528,0.0
21358.535330952207,0.544,-0.016
21358.535575777292,0.528,-0.016
21358.535820602377,0.544,0.0
21358.536065427463,0.528,-0.008
21358.536310252548,0.544,0.0
21358.536555077633,0.528,0.0
21358.53679990272,0.544,-0.016
21358.537044727804,0.528,0.0
21358.53728955289,0.536,-0.016
21358.53753437797,0.528,-0.016
21358.537779203056,0.536,0.0
21358.53802402814,0.528,0.0
21358.538268853226,0.544,-0.016
21358.53851367831,0.528,0.0
21358.538758503397,0.544,-0.016
21358.539003328482,0.528,-0.016
21358.539248153567,0.544,0.0
21358.539492978653,0.544,-0.016
21358.539737803738,0.52,0.0
21358.539982628823,0.52,-0.016
21358.54022745391,0.544,0.0
21358.540472278994,0.544,0.0
21358.54071710408,0.528,-0.016
21358.540961929164,0.528,-0.016
21358.541206754246,0.544,0.0
21358.54145157933,0.528,0.0
21358.541696404416,0.536,-0.016
21358.5419412295,0.528,0.0
21358.542186054587,0.544,-0.016
21358.542430879672,0.528,-0.016
21358.542675704757,0.536,0.0
21358.542920529842,0.528,-0.016
21358.543165354928,0.544,0.0
21358.543410180013,0.528,-0.016
21358.543655005098,0.544,0.0
21358.543899830183,0.528,0.0
21358.54414465527,0.544,-0.016
21358.544389480354,0.544,0.0
21358.54463430544,0.52,-0.016
21358.54487913052,0.528,-0.016
21358.545123955606,0.544,0.0
21358.54536878069,0.528,0.0
21358.545613605776,0.536,-0.016
21358.54585843086,0.528,0.0
21358.546103255947,0.536,-0.016
21358.546348081032,0.528,0.0
21358.546592906117,0.544,-0.016
21358.546837731203,0.528,0.0
21358.547082556288,0.544,-0.016
21358.547327381373,0.528,-0.016
21358.54757220646,0.544,0.0
21358.547817031544,0.528,-0.016
21358.54806185663,0.544,0.0
21358.548306681714,0.528,0.0
21358.548551506796,0.544,-0.016
21358.54879633188,0.528,-0.016
21358.549041156966,0.544,0.0
21358.54928598205,0.528,-0.016
21358.549530807137,0.544,0.0
21358.549775632222,0.528,-0.016
21358.550020457307,0.544,0.0
21358.550265282393,0.528,-0.016
21358.550510107478,0.544,0.0
21358.550754932563,0.528,-0.016
21358.55099975765,0.544,0.0
21358.551244582733,0.528,-0.016
21358.55148940782,0.544,0.0
21358.551734232904,0.528,-0.016
21358.55197905799,0.544,0.0
21358.55222388307,0.544,0.0
21358.552468708156,0.528,-0.016
21358.55271353324,0.528,-0.016
21358.552958358327,0.544,0.0
21358.553203183412,0.528,-0.016
21358.553448008497,0.544,0.0
21358.553692833582,0.528,0.0
21358.553937658668,0.544,-0.016
21358.554182483753,0.552,-0.016
21358.554427308838,0.52,0.0
21358.554672133923,0.528,0.0
21358.55491695901,0.536,-0.016
21358.555161784094,0.528,-0.016
21358.55540660918,0.536,0.0
21358.555651434264,0.528,-0.016
21358.555896259346,0.536,0.0
21358.55614108443,0.528,-0.016
21358.556385909516,0.544,0.0
21358.5566307346,0.528,0.0
21358.556875559687,0.544,-0.016
21358.557120384772,0.528,0.0
21358.557365209857,0.544,-0.016
21358.557610034943,0.528,-0.016
21358.557854860028,0.544,0.0
21358.558099685113,0.528,-0.016
21358.5583445102,0.544,0.0
21358.558589335284,0.528,-0.016
21358.55883416037,0.536,0.0
21358.559078985454,0.544,0.0
21358.55932381054,0.52,-0.016
21358.55956863562,0.528,-0.016
21358.559813460706,0.536,0.0
21358.56005828579,0.528,0.0
21358.560303110877,0.544,-0.016
21358.560547935962,0.528,0.0
21358.560792761047,0.544,-0.016
21358.561037586132,0.528,-0.016
21358.561282411218,0.544,0.0
21358.561527236303,0.528,-0.016
21358.56177206139,0.544,0.0
21358.562016886473,0.528,0.0
21358.56226171156,0.544,-0.016
21358.562506536644,0.528,-0.016
21358.56275136173,0.536,0.0
21358.562996186814,0.528,-0.016
21358.563241011896,0.536,0.0
21358.56348583698,0.528,0.0
21358.563730662067,0.544,-0.016
21358.56397548715,0.528,-0.016
21358.564220312237,0.544,0.0
21358.564465137322,0.528,0.0
21358.564709962408,0.544,-0.016
21358.564954787493,0.536,0.0
21358.565199612578,0.528,-0.016
21358.565444437663,0.528,0.0
21358.56568926275,0.544,-0.016
21358.565934087834,0.528,-0.016
21358.56617891292,0.544,0.0
21358.566423738004,0.528,0.0
21358.56666856309,0.544,-0.016
21358.56691338817,0.528,-0.016
21358.567158213256,0.544,0.0
21358.56740303834,0.528,-0.016
21358.567647863427,0.536,0.0
21358.567892688512,0.528,0.0
21358.568137513597,0.544,-0.016
21358.568382338683,0.528,-0.016
21358.568627163768,0.544,0.0
21358.568871988853,0.528,-0.016
21358.56911681394,0.536,0.0
21358.569361639024,0.528,-0.016
21358.56960646411,0.544,0.0
21358.569851289194,0.528,0.0
21358.57009611428,0.544,-0.016
21358.570340939365,0.528,-0.016
21358.570585764446,0.544,0.0
21358.57083058953,0.528,-0.016
21358.571075414617,0.544,0.0
21358.571320239702,0.528,0.0
21358.571565064787,0.544,-0.016
21358.571809889872,0.528,-0.016
21358.572054714958,0.536,0.0
21358.572299540043,0.528,-0.008
21358.572544365128,0.536,0.024
21358.572789190213,0.528,0.024
21358.5730340153,0.536,0.12
21358.573278840384,0.528,0.128
21358.57352366547,0.536,0.264
21358.573768490554,0.528,0.272
21358.57401331564,0.544,0.36
21358.57425814072,0.544,0.36
21358.574502965806,0.528,0.376
21358.57474779089,0.528,0.376
21358.574992615977,0.544,0.384
21358.575237441062,0.528,0.384
21358.575482266147,0.544,0.392
21358.575727091233,0.528,0.392
21358.575971916318,0.544,0.392
21358.576216741403,0.528,0.4
21358.57646156649,0.544,0.392
21358.576706391574,0.528,0.392
21358.57695121666,0.544,0.40800000000000003
21358.577196041744,0.528,0.392
21358.57744086683,0.544,0.4
21358.577685691915,0.528,0.392
21358.577930516996,0.544,0.4
21358.57817534208,0.544,0.392
21358.578420167167,0.528,0.4
21358.578664992252,0.544,0.392
21358.578909817337,0.52,0.384
21358.579154642423,0.536,0.384
21358.579399467508,0.528,0.392
21358.579644292593,0.528,0.384
21358.57988911768,0.544,0.40800000000000003
21358.580133942763,0.528,0.392
21358.58037876785,0.544,0.40800000000000003
21358.580623592934,0.52,0.392
21358.58086841802,0.544,0.40800000000000003
21358.581113243104,0.544,0.40800000000000003
21358.58135806819,0.52,0.392
21358.58160289327,0.52,0.4
21358.581847718357,0.528,0.392
21358.582092543442,0.52,0.392
21358.582337368527,0.528,0.40800000000000003
21358.582582193612,0.52,0.392
21358.582827018698,0.512,0.40800000000000003
21358.583071843783,0.512,0.40800000000000003
21358.583316668868,0.528,0.392
21358.583561493953,0.52,0.40800000000000003
21358.58380631904,0.536,0.392
21358.584051144124,0.52,0.392
21358.58429596921,0.528,0.4
21358.584540794294,0.52,0.392
21358.58478561938,0.536,0.40800000000000003
21358.585030444465,0.536,0.392
21358.585275269546,0.52,0.4
21358.58552009463,0.512,0.392
21358.585764919717,0.52,0.4
21358.586009744802,0.512,0.4
21358.586254569887,0.528,0.384
21358.586499394973,0.528,0.376
21358.586744220058,0.536,0.392
21358.586989045143,0.536,0.384
21358.58723387023,0.512,0.40800000000000003
21358.587478695314,0.512,0.4
21358.5877235204,0.536,0.384
21358.587968345484,0.52,0.384
21358.58821317057,0.536,0.392
21358.588457995655,0.52,0.392
21358.58870282074,0.536,0.384
21358.58894764582,0.52,0.392
21358.589192470907,0.528,0.4
21358.589437295992,0.52,0.392
21358.589682121077,0.528,0.384
21358.589926946162,0.52,0.376
21358.590171771248,0.536,0.392
21358.590416596333,0.52,0.392
21358.59066142142,0.536,0.4
21358.590906246503,0.544,0.4
21358.59115107159,0.52,0.392
21358.591395896674,0.504,0.392
21358.59164072176,0.528,0.40800000000000003
21358.591885546844,0.512,0.4
21358.59213037193,0.536,0.392
21358.592375197015,0.52,0.392
21358.592620022097,0.536,0.4
21358.59286484718,0.536,0.392
21358.593109672267,0.52,0.4
21358.593354497352,0.52,0.392
21358.593599322438,0.544,0.4
21358.593844147523,0.528,0.40800000000000003
21358.594088972608,0.536,0.392
21358.594333797693,0.528,0.392
21358.59457862278,0.512,0.392
21358.594823447864,0.512,0.392
21358.59506827295,0.528,0.4
21358.595313098034,0.512,0.392
21358.59555792312,0.528,0.376
21358.595802748205,0.512,0.376
21358.59604757329,0.52,0.4
21358.59629239837,0.528,0.4
21358.596537223457,0.512,0.384
21358.596782048542,0.536,0.376
21358.597026873627,0.52,0.392
21358.597271698713,0.512,0.392
21358.597516523798,0.528,0.40800000000000003
21358.597761348883,0.512,0.40800000000000003
21358.59800617397,0.52,0.392
21358.598250999054,0.512,0.4
21358.59849582414,0.528,0.392
21358.598740649224,0.512,0.392
21358.59898547431,0.536,0.384
21358.599230299395,0.52,0.384
21358.59947512448,0.544,0.392
21358.599719949565,0.544,0.392
21358.599964774647,0.52,0.384
21358.600209599732,0.52,0.384
21358.600454424817,0.528,0.4
21358.600699249902,0.52,0.4
21358.600944074988,0.536,0.392
21358.601188900073,0.52,0.4
21358.601433725158,0.536,0.392
21358.601678550243,0.512,0.392
21358.60192337533,0.536,0.4
21358.602168200414,0.52,0.392
21358.6024130255,0.536,0.4
21358.602657850584,0.52,0.392
21358.60290267567,0.536,0.4
21358.603147500755,0.528,0.392
21358.60339232584,0.512,0.4
21358.60363715092,0.512,0.392
21358.603881976007,0.528,0.4
21358.604126801092,0.512,0.392
21358.604371626177,0.528,0.4
21358.604616451263,0.512,0.392
21358.604861276348,0.536,0.40800000000000003
21358.605106101433,0.512,0.4
21358.60535092652,0.544,0.392
21358.605595751604,0.544,0.392
21358.60584057669,0.52,0.40800000000000003
21358.606085401774,0.536,0.392
21358.60633022686,0.512,0.40800000000000003
21358.606575051945,0.512,0.392
21358.60681987703,0.52,0.4
21358.607064702115,0.512,0.392
21358.607309527197,0.528,0.4
21358.607554352282,0.52,0.392
21358.607799177367,0.536,0.4
21358.608044002453,0.536,0.392
21358.608288827538,0.512,0.40800000000000003
21358.608533652623,0.512,0.4
21358.60877847771,0.52,0.392
21358.609023302794,0.52,0.392
21358.60926812788,0.528,0.4
21358.609512952964,0.52,0.392
21358.60975777805,0.544,0.40800000000000003
21358.610002603134,0.544,0.392
21358.61024742822,0.52,0.40800000000000003
21358.610492253305,0.52,0.392
21358.61073707839,0.528,0.40800000000000003
21358.610981903472,0.52,0.392
21358.611226728557,0.536,0.40800000000000003
21358.611471553642,0.528,0.392
21358.611716378728,0.536,0.4
21358.611961203813,0.528,0.392
21358.612206028898,0.512,0.40800000000000003
21358.612450853983,0.512,0.392
21358.61269567907,0.528,0.40800000000000003
21358.612940504154,0.512,0.392
21358.61318532924,0.528,0.40800000000000003
21358.613430154324,0.52,0.392
21358.61367497941,0.536,0.40800000000000003
21358.613919804495,0.52,0.392
21358.61416462958,0.536,0.4
21358.614409454665,0.528,0.392
21358.614654279747,0.536,0.40800000000000003
21358.614899104832,0.512,0.392
21358.615143929917,0.528,0.4
21358.615388755003,0.52,0.392
21358.615633580088,0.536,0.4
21358.615878405173,0.528,0.40800000000000003
21358.61612323026,0.512,0.392
21358.62139892578,0.544,0.0
21358.62166724066,0.528,-0.016
21358.621935555537,0.528,0.0
21358.622203870415,0.544,-0.016
21358.622472185292,0.544,0.0
21358.622740500174,0.528,-0.016
21358.62300881505,0.544,-0.008
21358.62327712993,0.528,0.0
21358.623545444807,0.528,0.0
21358.623813759685,0.552,-0.016
21358.624082074562,0.528,0.0
21358.62435038944,0.544,-0.016
21358.624618704318,0.544,0.0
21358.624887019196,0.528,-0.016
21358.625155334073,0.544,0.0
21358.625423648955,0.528,-0.016
21358.625691963833,0.528,0.0
21358.62596027871,0.544,-0.016
21358.626228593588,0.544,-0.016
21358.626496908466,0.528,0.0
21358.626765223344,0.528,-0.008
21358.62703353822,0.544,0.024
21358.6273018531,0.544,0.024
21358.627570167977,0.528,0.136
21358.62783848286,0.528,0.136
21358.628106797736,0.544,0.28800000000000003
21358.628375112614,0.528,0.28800000000000003
21358.62864342749,0.544,0.36
21358.62891174237,0.544,0.36
21358.629180057247,0.528,0.384
21358.629448372125,0.528,0.384
21358.629716687003,0.544,0.392
21358.62998500188,0.536,0.384
21358.63025331676,0.528,0.4
21358.63052163164,0.536,0.392
21358.630789946517,0.528,0.4
21358.631058261395,0.528,0.4
21358.631326576273,0.544,0.384
21358.63159489115,0.544,0.392
21358.63186320603,0.528,0.4
21358.632131520906,0.544,0.392
21358.632399835784,0.528,0.392
21358.63266815066,0.544,0.392
21358.632936465543,0.528,0.4
21358.63320478042,0.528,0.392
21358.6334730953,0.544,0.4
21358.633741410176,0.544,0.392
21358.634009725054,0.528,0.4
21358.63427803993,0.528,0.392
21358.63454635481,0.552,0.392
21358.634814669687,0.544,0.4
21358.635082984565,0.528,0.392
21358.635351299446,0.528,0.392
21358.635619614324,0.544,0.4
21358.635887929202,0.528,0.392
21358.63615624408,0.544,0.4
21358.636424558958,0.544,0.392
21358.636692873835,0.528,0.4
21358.636961188713,0.552,0.392
21358.63722950359,0.528,0.4
21358.63749781847,0.528,0.392
21358.63776613335,0.544,0.392
21358.638034448228,0.528,0.392
21358.638302763105,0.544,0.4
21358.638571077983,0.528,0.392
21358.63883939286,0.544,0.4
21358.63910770774,0.528,0.392
21358.639376022616,0.544,0.4
21358.639644337494,0.544,0.392
21358.639912652372,0.528,0.4
21358.64018096725,0.536,0.392
21358.64044928213,0.528,0.392
21358.64071759701,0.536,0.392
21358.640985911887,0.528,0.4
21358.641254226764,0.528,0.392
21358.641522541642,0.544,0.392
21358.64179085652,0.528,0.384
21358.642059171398,0.544,0.4
21358.642327486275,0.544,0.392
21358.642595801153,0.528,0.4
21358.642864116035,0.528,0.392
21358.643132430912,0.544,0.4
21358.64340074579,0.528,0.392
21358.643669060668,0.544,0.4
21358.643937375546,0.528,0.392
21358.644205690423,0.544,0.392
21358.6444740053,0.528,0.392
21358.64474232018,0.544,0.4
21358.645010635057,0.544,0.392
21358.645278949934,0.528,0.392
21358.645547264816,0.536,0.392
21358.645815579694,0.528,0.384
21358.64608389457,0.528,0.392
21358.64635220945,0.544,0.376
21358.646620524327,0.544,0.384
21358.646888839205,0.528,0.368
21358.647157154082,0.528,0.384
21358.64742546896,0.544,0.4
21358.647693783838,0.528,0.392
21358.64796209872,0.544,0.4
21358.648230413597,0.536,0.392
21358.648498728475,0.528,0.4
21358.648767043353,0.536,0.392
21358.64903535823,0.536,0.4
21358.649303673108,0.544,0.4
21358.649571987986,0.528,0.392
21358.649840302864,0.528,0.392
21358.65010861774,0.544,0.4
21358.650376932623,0.544,0.4
21358.6506452475,0.52,0.392
21358.65091356238,0.528,0.392
21358.651181877256,0.544,0.384
21358.651450192134,0.528,0.392
21358.65171850701,0.544,0.384
21358.65198682189,0.528,0.392
21358.652255136767,0.544,0.392
21358.652523451645,0.528,0.392
21358.652791766523,0.544,0.4
21358.653060081404,0.528,0.392
21358.65332839628,0.544,0.392
21358.65359671116,0.544,0.392
21358.653865026037,0.528,0.384
21358.654133340915,0.536,0.376
21358.654401655793,0.528,0.4
21358.65466997067,0.528,0.4
21358.65493828555,0.544,0.384
21358.655206600426,0.528,0.384
21358.655474915307,0.552,0.376
21358.655743230185,0.544,0.376
21358.656011545063,0.528,0.4
21358.65627985994,0.544,0.392
21358.65654817482,0.528,0.4
21358.656816489696,0.528,0.392
21358.657084804574,0.544,0.384
21358.65735311945,0.536,0.376
21358.65762143433,0.528,0.392
21358.65788974921,0.536,0.376
21358.65815806409,0.528,0.392
21358.658426378966,0.528,0.392
21358.658694693844,0.544,0.384
21358.658963008722,0.544,0.392
21358.6592313236,0.52,0.376
21358.659499638477,0.528,0.376
21358.659767953355,0.544,0.392
21358.660036268233,0.544,0.392
21358.66030458311,0.512,0.384
21358.660572897992,0.512,0.376
21358.66084121287,0.536,0.392
21358.661109527748,0.544,0.384
21358.661377842625,0.52,0.376
21358.661646157503,0.536,0.392
21358.66191447238,0.52,0.392
21358.66218278726,0.528,0.4
21358.662451102136,0.544,0.384
21358.662719417014,0.528,0.392
21358.662987731896,0.544,0.4
21358.663256046773,0.528,0.4
21358.66352436165,0.544,0.384
21358.66379267653,0.544,0.384
21358.664060991407,0.528,0.4
21358.664329306284,0.528,0.376
21358.664597621162,0.544,0.4
21358.66486593604,0.544,0.392
21358.665134250918,0.528,0.392
21358.665402565795,0.536,0.392
21358.665670880677,0.552,0.4
21358.665939195555,0.528,0.4
21358.666207510432,0.544,0.392
21358.66647582531,0.528,0.392
21358.666744140188,0.544,0.4
21358.667012455066,0.528,0.4
21358.667280769943,0.552,0.392
21358.66754908482,0.536,0.4
21358.6678173997,0.528,0.392
21358.66808571458,0.528,0.392
21358.668354029458,0.536,0.4
21358.668622344336,0.536,0.392
21358.668890659214,0.528,0.384
21358.66915897409,0.544,0.392
21358.66942728897,0.528,0.392
21358.669695603847,0.528,0.4
21358.669963918725,0.544,0.392
21358.670232233602,0.528,0.392
21358.670500548484,0.544,0.4
21358.67076886336,0.528,0.4
21358.67103717824,0.544,0.392
21358.671305493117,0.544,0.392
21358.671573807995,0.528,0.4
21358.671842122872,0.528,0.392
21358.67211043775,0.544,0.4
21358.672378752628,0.528,0.4
21358.672647067506,0.544,0.384
21358.672915382384,0.528,0.392
21358.673183697265,0.544,0.4
21358.673452012143,0.544,0.392
21358.67372032702,0.528,0.4
21358.673988641898,0.552,0.384
21358.674256956776,0.528,0.4
21358.674525271654,0.528,0.392
21358.67479358653,0.544,0.4
21358.67506190141,0.536,0.4
21358.675330216287,0.528,0.392
21358.67559853117,0.528,0.4
21358.675866846046,0.544,0.392
21358.676135160924,0.528,0.392
21358.6764034758,0.544,0.4
21358.67667179068,0.528,0.392
21358.676940105557,0.544,0.4
21358.677208420435,0.528,0.392
21358.677476735313,0.552,0.4
21358.67774505019,0.528,0.392
21358.678013365072,0.544,0.4
21358.67828167995,0.536,0.392
21358.678549994827,0.528,0.392
21358.678818309705,0.528,0.392
21358.679086624583,0.544,0.392
21358.67935493946,0.544,0.392
21358.67962325434,0.528,0.392
21358.679891569216,0.528,0.392
21358.680159884094,0.544,0.4
21358.68042819897,0.528,0.392
21358.680696513853,0.544,0.4
21358.68096482873,0.536,0.392
21358.68123314361,0.528,0.392
21358.681501458486,0.544,0.392
21358.681769773364,0.528,0.4
21358.682038088242,0.544,0.392
21358.68230640312,0.528,0.4
21358.682574717997,0.528,0.4
21358.682843032875,0.544,0.384
21358.683111347756,0.552,0.376
21358.683379662634,0.528,0.392
21358.683647977512,0.528,0.4
21358.68391629239,0.544,0.392
21358.684184607268,0.544,0.392
21358.684452922145,0.528,0.392
21358.684721237023,0.528,0.4
21358.6849895519,0.544,0.384
21358.68525786678,0.528,0.392
21358.685526181656,0.544,0.4
21358.685794496538,0.544,0.392
21358.686062811415,0.528,0.4
21358.686331126293,0.536,0.392
21358.68659944117,0.528,0.4
21358.68686775605,0.536,0.392
21358.687136070926,0.528,0.392
21358.687404385804,0.536,0.392
21358.687672700682,0.528,0.392
21358.68794101556,0.528,0.392
21358.68820933044,0.544,0.4
21358.68847764532,0.528,0.4
21358.688745960197,0.544,0.392
21358.689014275074,0.544,0.392
21358.689282589952,0.52,0.392
21358.68955090483,0.536,0.392
21358.689819219708,0.52,0.4
21358.690087534585,0.528,0.392
21358.690355849463,0.536,0.4
21358.690624164345,0.544,0.40800000000000003
21358.690892479222,0.52,0.384
21358.6911607941,0.512,0.384
21358.691429108978,0.536,0.4
21358.691697423856,0.536,0.392
21358.691965738733,0.52,0.40800000000000003
21358.69223405361,0.52,0.4
21358.69250236849,0.536,0.392
21358.692770683367,0.544,0.392
21358.693038998244,0.512,0.4
21358.693307313126,0.528,0.4
21358.693575628004,0.512,0.376
21358.69384394288,0.512,0.376
21358.69411225776,0.536,0.304
21358.694380572637,0.528,0.304
21358.694648887515,0.512,0.152
21358.694917202392,0.52,0.152
21358.69518551727,0.528,0.048
21358.695453832148,0.52,0.048
21358.69572214703,0.544,0.008
21358.695990461907,0.528,0.008
21358.696258776785,0.544,-0.008
21358.696527091663,0.536,0.0
21358.69679540654,0.52,-0.008
21358.697063721418,0.528,-0.008
21358.697332036296,0.512,0.0
21358.697600351174,0.52,0.0
21358.69786866605,0.512,-0.008
21358.698136980933,0.528,0.0
21358.69840529581,0.512,-0.008
21358.69867361069,0.536,0.0
21358.698941925566,0.512,-0.008
21358.699210240444,0.52,0.0
21358.69947855532,0.536,-0.008
21358.6997468702,0.536,0.0
21358.700015185077,0.52,-0.008
21358.700283499955,0.528,0.0
21358.700551814833,0.544,-0.008
21358.700820129714,0.528,0.0
21358.70108844459,0.544,-0.016
21358.70135675947,0.528,-0.008
21358.701625074347,0.512,0.0
21358.701893389225,0.52,-0.008
21358.702161704103,0.536,0.0
21358.70243001898,0.52,0.0
21358.70269833386,0.512,-0.008
21358.702966648736,0.512,0.0
21358.703234963617,0.528,-0.008
21358.703503278495,0.528,0.0
21358.703771593373,0.512,-0.008
21358.70403990825,0.512,0.0
21358.70430822313,0.536,-0.008
21358.704576538006,0.528,0.0
21358.704844852884,0.544,-0.008
21358.70511316776,0.536,0.0
21358.70538148264,0.512,-0.008
21358.705649797517,0.528,0.0
21358.7059181124,0.512,-0.008
21358.706186427276,0.512,-0.008
21358.706454742154,0.536,0.0
21358.706723057032,0.52,-0.008
21358.70699137191,0.536,0.0
21358.707259686787,0.52,-0.008
21358.707528001665,0.536,0.0
21358.707796316543,0.52,0.0
21358.70806463142,0.544,-0.008
21358.708332946302,0.528,-0.008
21358.70860126118,0.544,0.0
21358.708869576058,0.536,0.0
21358.709137890935,0.52,-0.008
21358.709406205813,0.536,0.0
21358.70967452069,0.52,-0.008
21358.70994283557,0.536,0.0
21358.710211150446,0.528,-0.008
21358.710479465324,0.544,-0.008
21358.710747780206,0.52,0.0
21358.711016095083,0.512,-0.008
21358.71128440996,0.528,0.0
21358.71155272484,0.52,-0.016
21358.711821039717,0.536,0.0
21358.712089354594,0.52,-0.016
21358.712357669472,0.536,0.0
21358.71262598435,0.528,0.0
21358.712894299228,0.544,-0.008
21358.713162614105,0.544,-0.008
21358.713430928987,0.52,0.0
21358.713699243865,0.528,-0.008
21358.713967558742,0.512,0.0
21358.71423587362,0.52,0.0
21358.714504188498,0.536,-0.008
21358.714772503376,0.544,0.0
21358.715040818253,0.52,-0.008
21358.71530913313,0.528,0.0
21358.71557744801,0.544,-0.016
21358.71584576289,0.552,0.0
21358.716114077768,0.52,-0.008
21358.716382392646,0.528,0.0
21358.716650707524,0.552,-0.008
21358.7169190224,0.528,0.0
21358.71718733728,0.544,-0.016
21358.717455652157,0.536,-0.016
21358.717723967035,0.544,0.0
21358.717992281912,0.544,-0.008
21358.718260596794,0.528,0.0
21358.71852891167,0.536,0.0
21358.71879722655,0.544,-0.008
21358.719065541427,0.528,-0.008
21358.719333856305,0.544,0.0
21358.719602171182,0.528,0.0
21358.71987048606,0.544,-0.008
21358.720138800938,0.528,0.0
21358.720407115816,0.552,-0.016
21358.720675430694,0.528,0.0
21358.720943745575,0.544,-0.016
21358.721212060453,0.528,0.0
21358.72148037533,0.544,-0.008
21358.72174869021,0.544,-0.008
21358.722017005086,0.528,0.0
21358.722285319964,0.544,0.0
21358.72255363484,0.528,-0.016
21358.72282194972,0.528,-0.016
21358.723090264597,0.544,0.0
21358.72335857948,0.544,0.0
21358.723626894356,0.528,-0.008
21358.723895209234,0.552,0.0
21358.72416352411,0.528,-0.008
21358.72443183899,0.528,0.0
21358.724700153867,0.544,-0.016
21358.724968468745,0.536,0.0
21358.725236783623,0.528,-0.016
21358.7255050985,0.528,0.0
21358.72577341338,0.544,-0.008
21358.72604172826,0.552,-0.008
21358.726310043137,0.528,0.0
21358.726578358015,0.544,0.0
21358.726846672893,0.528,-0.016
21358.72711498777,0.544,0.0
21358.72738330265,0.528,-0.016
21358.727651617526,0.544,0.0
21358.727919932404,0.528,-0.016
21358.72818824728,0.528,0.0
21358.728456562163,0.544,-0.016
21358.72872487704,0.536,0.0
21358.72899319192,0.528,-0.016
21358.729261506796,0.528,0.0
21358.729529821674,0.544,-0.008
21358.729798136552,0.536,-0.008
21358.73006645143,0.528,0.0
21358.730334766307,0.528,-0.008
21358.730603081185,0.544,0.0
21358.730871396067,0.552,0.0
21358.731139710944,0.528,-0.016
21358.731408025822,0.528,0.0
21358.7316763407,0.552,-0.016
21358.731944655578,0.528,0.0
21358.732212970455,0.552,-0.016
21358.732481285333,0.544,0.0
21358.73274960021,0.528,-0.008
21358.73301791509,0.536,0.0
21358.733286229966,0.528,-0.016
21358.733554544848,0.528,-0.008
21358.733822859725,0.544,0.0
21358.734091174603,0.528,0.0
21358.73435948948,0.544,-0.008
21358.73462780436,0.544,-0.008
21358.734896119237,0.528,0.0
21358.735164434114,0.528,0.0
21358.735432748992,0.544,-0.016
21358.73570106387,0.544,-0.008
21358.73596937875,0.528,0.0
21358.73623769363,0.544,0.0
21358.736506008507,0.528,-0.016
21358.736774323384,0.528,0.0
21358.737042638262,0.544,-0.016
21358.73731095314,0.544,0.0
21358.737579268018,0.528,-0.016
21358.737847582895,0.544,-0.016
21358.738115897773,0.528,0.0
21358.738384212655,0.536,0.0
21358.738652527532,0.528,-0.016
21358.73892084241,0.528,0.0
21358.739189157288,0.544,-0.016
21358.739457472166,0.528,0.0
21358.739725787043,0.544,-0.016
21358.73999410192,0.544,0.0
21358.7402624168,0.528,-0.016
21358.740530731677,0.528,0.0
21358.740799046554,0.544,-0.016
21358.741067361436,0.528,-0.016
21358.741335676314,0.544,0.0
21358.74160399119,0.528,0.0
21358.74187230607,0.544,-0.016
21358.742140620947,0.536,-0.008
21358.742408935825,0.528,0.0
21358.742677250702,0.528,-0.008
21358.74294556558,0.544,0.0
21358.743213880458,0.544,0.0
21358.74348219534,0.528,-0.016
21358.743750510217,0.528,0.0
21358.744018825095,0.544,-0.016
21358.744287139973,0.544,0.0
21358.74455545485,0.528,-0.016
21358.744823769728,0.528,0.0
21358.745092084606,0.544,-0.016
21358.745360399484,0.528,0.0
21358.74562871436,0.544,-0.016
21358.74589702924,0.528,0.0
21358.74616534412,0.544,-0.016
21358.746433659,0.544,0.0
21358.746701973876,0.528,-0.008
21358.746970288754,0.528,-0.008
21358.74723860363,0.544,0.0
21358.74750691851,0.544,0.0
21358.747775233387,0.528,-0.016
21358.748043548265,0.544,0.0
21358.748311863143,0.52,-0.016
21358.748580178024,0.52,-0.016
21358.7488484929,0.536,0.0
21358.74911680778,0.544,0.0
21358.749385122657,0.52,-0.016
21358.749653437535,0.52,0.0
21358.749921752413,0.544,-0.016
21358.75019006729,0.544,0.0
21358.75045838217,0.52,-0.016
21358.750726697046,0.52,0.0
21358.750995011927,0.536,-0.016
21358.751263326805,0.52,0.0
21358.751531641683,0.536,-0.016
21358.75179995656,0.52,0.0
21358.75206827144,0.536,-0.016
21358.752336586316,0.536,0.0
21358.752604901194,0.52,-0.016
21358.75287321607,0.52,0.0
21358.75314153095,0.544,-0.016
21358.753409845827,0.512,0.0
21358.75367816071,0.536,-0.016
21358.753946475586,0.528,-0.016
21358.754214790464,0.544,0.0
21358.754483105342,0.528,-0.016
21358.75475142022,0.544,0.0
21358.755019735097,0.544,0.0
21358.755288049975,0.528,-0.016
21358.755556364853,0.528,0.0
21358.75582467973,0.544,-0.016
21358.756092994612,0.544,0.0
21358.75636130949,0.528,-0.016
21358.756629624368,0.528,0.0
21358.756897939245,0.544,-0.008
21358.757166254123,0.536,-0.008
21358.757434569,0.544,0.0
21358.75770288388,0.544,0.0
21358.757971198756,0.528,-0.016
21358.758239513634,0.528,0.0
21358.758507828516,0.544,-0.016
21358.758776143393,0.544,0.0
21358.75904445827,0.528,-0.016
21358.75931277315,0.544,0.0
21358.759581088027,0.528,-0.016
21358.759849402904,0.544,-0.008
21358.760117717782,0.528,0.0
21358.76038603266,0.536,0.0
21358.760654347538,0.528,-0.008
21358.760922662415,0.528,-0.008
21358.761190977297,0.544,0.016
21358.761459292175,0.536,0.024
21358.761727607052,0.52,0.136
21358.76199592193,0.544,0.136
21358.762264236808,0.512,0.28800000000000003
21358.762532551686,0.52,0.296
21358.762800866563,0.544,0.36
21358.76306918144,0.544,0.36
21358.76333749632,0.528,0.384
21358.7636058112,0.528,0.384
21358.763874126078,0.544,0.392
21358.764142440956,0.528,0.392
21358.764410755834,0.544,0.392
21358.76467907071,0.552,0.4
21358.76494738559,0.528,0.384
21358.765215700467,0.528,0.392
21358.765484015345,0.544,0.384
21358.765752330222,0.528,0.392
21358.7660206451,0.544,0.4
21358.76628895998,0.528,0.392
21358.76655727486,0.544,0.4
21358.766825589737,0.536,0.4
21358.767093904615,0.528,0.392
21358.767362219492,0.536,0.392
21358.76763053437,0.552,0.392
21358.767898849248,0.528,0.392
21358.768167164126,0.544,0.4
21358.768435479004,0.528,0.392
21358.768703793885,0.544,0.392
21358.768972108763,0.528,0.392
21358.76924042364,0.552,0.4
21358.76950873852,0.536,0.392
21358.769777053396,0.528,0.4
21358.770045368274,0.528,0.392
21358.77031368315,0.544,0.4
21358.77058199803,0.544,0.392
21358.770850312907,0.528,0.4
21358.77111862779,0.544,0.392
21358.771386942666,0.528,0.392
21358.771655257544,0.544,0.392
21358.77192357242,0.528,0.392
21358.7721918873,0.544,0.392
21358.772460202177,0.528,0.4
21358.772728517055,0.528,0.392
21358.772996831933,0.544,0.4
21358.77326514681,0.536,0.392
21358.77353346169,0.528,0.392
21358.77380177657,0.544,0.392
21358.774070091447,0.528,0.4
21358.774338406325,0.544,0.392
21358.774606721203,0.536,0.4
21358.77487503608,0.528,0.392
21358.77514335096,0.552,0.4
21358.775411665836,0.528,0.4
21358.775679980714,0.544,0.392
21358.77594829559,0.528,0.4
21358.776216610473,0.544,0.384
21358.77648492535,0.528,0.392
21358.77675324023,0.544,0.4
21358.777021555106,0.544,0.392
21358.777289869984,0.528,0.392
21358.777558184862,0.544,0.4
21358.77782649974,0.528,0.392
21358.778094814617,0.544,0.392
21358.778363129495,0.528,0.4
21358.778631444377,0.528,0.392
21358.778899759254,0.544,0.4
21358.779168074132,0.536,0.392
21358.77943638901,0.528,0.4
21358.779704703888,0.528,0.392
21358.779973018765,0.544,0.392
21358.780241333643,0.536,0.392
21358.78050964852,0.528,0.4
21358.7807779634,0.528,0.392
21358.781046278276,0.552,0.392
21358.781314593158,0.544,0.384
21358.781582908035,0.528,0.4
21358.781851222913,0.544,0.392
21358.78211953779,0.528,0.4
21358.78238785267,0.528,0.4
21358.782656167547,0.544,0.392
21358.782924482424,0.536,0.392
21358.783192797302,0.544,0.4
21358.78346111218,0.544,0.392
21358.78372942706,0.528,0.392
21358.78399774194,0.528,0.4
21358.784266056817,0.544,0.392
21358.784534371694,0.528,0.392
21358.784802686572,0.552,0.4
21358.78507100145,0.528,0.392
21358.785339316328,0.544,0.4
21358.785607631205,0.528,0.392
21358.785875946083,0.536,0.384
21358.78614426096,0.544,0.4
21358.786412575842,0.528,0.384
21358.78668089072,0.528,0.392
21358.786949205598,0.544,0.4
21358.787217520476,0.528,0.392
21358.787485835353,0.544,0.4
21358.78775415023,0.528,0.392
21358.78802246511,0.552,0.4
21358.788290779987,0.544,0.392
21358.788559094864,0.528,0.4
21358.788827409746,0.544,0.392
21358.789095724624,0.528,0.4
21358.7893640395,0.544,0.392
21358.78963235438,0.528,0.4
21358.789900669257,0.528,0.384
21358.790168984135,0.544,0.4
21358.790437299012,0.528,0.392
21358.79070561389,0.544,0.392
21358.790973928768,0.544,0.392
21358.79124224365,0.528,0.392
21358.791510558527,0.528,0.392
21358.791778873405,0.544,0.392
21358.792047188283,0.528,0.392
21358.79231550316,0.544,0.4
21358.792583818038,0.528,0.392
21358.792852132916,0.544,0.392
21358.793120447794,0.544,0.392
21358.79338876267,0.528,0.392
21358.79365707755,0.528,0.392
21358.79392539243,0.544,0.4
21358.79419370731,0.528,0.392
21358.794462022186,0.544,0.4
21358.794730337064,0.528,0.392
21358.79499865194,0.544,0.392
21358.79526696682,0.528,0.392
21358.795535281697,0.544,0.4
21358.795803596575,0.544,0.392
21358.796071911453,0.528,0.392
21358.796340226334,0.536,0.392
21358.79660854121,0.528,0.4
21358.79687685609,0.544,0.392
21358.797145170967,0.528,0.4
21358.797413485845,0.528,0.384
21358.797681800723,0.552,0.4
21358.7979501156,0.536,0.392
21358.79821843048,0.528,0.4
21358.798486745356,0.536,0.4
21358.798755060237,0.528,0.392
21358.799023375115,0.528,0.392
21358.799291689993,0.544,0.392
21358.79956000487,0.528,0.392
21358.79982831975,0.544,0.4
21358.800096634626,0.544,0.392
21358.800364949504,0.528,0.4
21358.80063326438,0.528,0.392
21358.80090157926,0.552,0.4
21358.801169894137,0.528,0.392
21358.80143820902,0.544,0.4
21358.801706523896,0.528,0.392
21358.801974838774,0.544,0.4
21358.802243153652,0.528,0.4
21358.80251146853,0.544,0.392
21358.802779783407,0.544,0.4
21358.803048098285,0.528,0.384
21358.803316413163,0.544,0.392
21358.80358472804,0.528,0.4
21358.803853042922,0.544,0.392
21358.8041213578,0.528,0.4
21358.804389672678,0.528,0.392
21358.804657987555,0.544,0.392
21358.804926302433,0.528,0.392
21358.80519461731,0.544,0.4
21358.80546293219,0.528,0.392
21358.805731247066,0.544,0.4
21358.805999561944,0.528,0.4
21358.806267876822,0.544,0.392
21358.806536191703,0.544,0.392
21358.80680450658,0.528,0.4
21358.80707282146,0.544,0.392
21358.807341136337,0.528,0.392
21358.807609451214,0.528,0.392
21358.807877766092,0.544,0.4
21358.80814608097,0.544,0.392
21358.808414395848,0.52,0.384
21358.808682710725,0.512,0.392
21358.808951025607,0.528,0.4
21358.809219340485,0.52,0.392
21358.809487655362,0.528,0.4
21358.80975597024,0.52,0.392
21358.810024285118,0.536,0.4
21358.810292599996,0.52,0.4
21358.810560914873,0.544,0.392
21358.81082922975,0.52,0.392
21358.81109754463,0.536,0.392
21358.81136585951,0.544,0.4
21358.811634174388,0.52,0.384
21358.811902489266,0.528,0.384
21358.812170804144,0.512,0.4
21358.81243911902,0.52,0.4
21358.8127074339,0.536,0.384
21358.812975748777,0.52,0.392
21358.813244063655,0.536,0.392
21358.813512378532,0.536,0.392
21358.81378069341,0.52,0.4
21358.81404900829,0.528,0.392
21358.81431732317,0.512,0.4
21358.814585638047,0.52,0.392
21358.814853952925,0.528,0.4
21358.815122267803,0.512,0.392
21358.81539058268,0.536,0.4
21358.815658897558,0.536,0.392
21358.815927212436,0.52,0.4
21358.816195527314,0.512,0.4
21358.816463842195,0.528,0.392
21358.816732157073,0.528,0.4
21358.81700047195,0.512,0.392
21358.81726878683,0.512,0.392
21358.817537101706,0.528,0.4
21358.817805416584,0.52,0.392
21358.81807373146,0.536,0.392
21358.81834204634,0.544,0.392
21358.818610361217,0.52,0.392
21358.8188786761,0.536,0.392
21358.819146990976,0.52,0.384
21358.819415305854,0.52,0.4
21358.81968362073,0.536,0.384
21358.81995193561,0.536,0.384
21358.820220250487,0.52,0.384
21358.820488565365,0.52,0.384
21358.820756880243,0.544,0.384
21358.82102519512,0.528,0.392
21358.82129351,0.544,0.376
21358.82156182488,0.528,0.376
21358.821830139757,0.536,0.392
21358.822098454635,0.52,0.376
21358.822366769513,0.544,0.392
21358.82263508439,0.536,0.392
21358.82290339927,0.528,0.4
21358.823171714146,0.536,0.392
21358.823440029024,0.52,0.392
21358.8237083439,0.528,0.392
21358.823976658783,0.544,0.4
21358.82424497366,0.528,0.392
21358.82451328854,0.544,0.384
21358.824781603416,0.544,0.392
21358.825049918294,0.512,0.384
21358.825318233172,0.512,0.384
21358.82558654805,0.528,0.392
21358.825854862927,0.528,0.384
21358.826123177805,0.544,0.392
21358.826391492683,0.536,0.384
21358.826659807564,0.528,0.376
21358.826928122442,0.528,0.376
21358.82719643732,0.544,0.384
21358.827464752198,0.552,0.392
21358.827733067075,0.528,0.376
21358.828001381953,0.528,0.376
21358.82826969683,0.552,0.304
21358.82853801171,0.552,0.28800000000000003
21358.828806326586,0.528,0.152
21358.829074641468,0.544,0.14400000000000002
21358.829342956345,0.528,0.048
21358.829611271223,0.528,0.048
21358.8298795861,0.544,0.008
21358.83014790098,0.536,0.008
21358.830416215857,0.528,-0.008
21358.830684530734,0.528,0.0
21358.830952845612,0.552,-0.008
21358.83122116049,0.544,-0.008
21358.83148947537,0.528,0.0
21358.83175779025,0.528,0.0
21358.832026105127,0.544,-0.008
21358.832294420004,0.544,0.0
21358.832562734882,0.528,-0.008
21358.83283104976,0.528,-0.008
21358.833099364638,0.544,0.0
21358.833367679516,0.528,-0.008
21358.833635994393,0.552,0.0
21358.83390430927,0.544,-0.008
21358.834172624152,0.528,0.0
21358.83444093903,0.544,0.0
21358.834709253908,0.528,-0.008
21358.834977568786,0.544,0.0
21358.835245883663,0.528,-0.008
21358.83551419854,0.544,-0.008
21358.83578251342,0.528,0.0
21358.836050828297,0.552,-0.008
21358.836319143174,0.528,0.0
21358.836587458056,0.536,0.0
21358.836855772934,0.528,-0.008
21358.83712408781,0.536,-0.008
21358.83739240269,0.528,0.0
21358.837660717567,0.528,-0.008
21358.837929032445,0.544,0.0
21358.838197347322,0.52,-0.008
21358.8384656622,0.536,0.0
21358.838733977078,0.52,-0.008
21358.83900229196,0.536,0.0
21358.839270606837,0.552,0.0
21358.839538921715,0.52,-0.008
21358.839807236593,0.512,0.0
21358.84007555147,0.536,-0.008
21358.840343866348,0.536,0.0
21358.840612181226,0.52,-0.008
21358.840880496104,0.528,0.0
21358.84114881098,0.536,-0.008
21358.84141712586,0.544,0.0
21358.84168544074,0.52,-0.008
21358.84195375562,0.536,0.0
21358.842222070496,0.52,-0.008
21358.842490385374,0.52,0.0
21358.84275870025,0.544,-0.008
21358.84302701513,0.528,-0.008
21358.843295330007,0.536,0.0
21358.843563644885,0.536,-0.008
21358.843831959763,0.52,0.0
21358.844100274644,0.52,0.0
21358.84436858952,0.536,-0.008
21358.8446369044,0.536,0.0
21358.844905219277,0.52,-0.008
21358.845173534155,0.512,0.0
21358.845441849033,0.528,-0.008
21358.84571016391,0.52,0.0
21358.84597847879,0.544,-0.016
21358.846246793666,0.536,0.0
21358.846515108544,0.52,-0.008
21358.846783423425,0.52,-0.008
21358.847051738303,0.536,0.0
21358.84732005318,0.544,0.0
21358.84758836806,0.52,-0.008
21358.847856682936,0.52,-0.008
21358.848124997814,0.536,0.0
21358.84839331269,0.528,0.0
21358.84866162757,0.544,-0.008
21358.848929942447,0.52,-0.008
21358.84919825733,0.536,0.0
21358.849466572206,0.536,0.0
21358.849734887084,0.512,-0.016
21358.850003201962,0.52,0.0
21358.85027151684,0.528,-0.008
21358.850539831717,0.52,-0.008
21358.850808146595,0.544,0.0
21358.851076461473,0.528,-0.008
21358.85134477635,0.544,0.0
21358.851613091232,0.536,0.0
21358.85188140611,0.512,-0.016
21358.852149720988,0.52,0.0
21358.852418035865,0.544,-0.016
21358.852686350743,0.536,0.0
21358.85295466562,0.52,-0.016
21358.8532229805,0.528,-0.016
21358.853491295376,0.544,0.0
21358.853759610254,0.536,-0.016
21358.854027925132,0.528,0.0
21358.854296240013,0.528,0.0
21358.85456455489,0.544,-0.016
21358.85483286977,0.544,0.0
21358.855101184647,0.528,-0.016
21358.855369499524,0.528,0.0
21358.855637814402,0.544,-0.016
21358.85590612928,0.536,0.0
21358.856174444158,0.544,-0.008
21358.856442759035,0.544,0.0
21358.856711073917,0.528,-0.016
21358.856979388795,0.544,0.0
21358.857247703672,0.536,-0.016
21358.85751601855,0.544,-0.008
21358.857784333428,0.528,0.0
21358.858052648306,0.528,0.0
21358.858320963183,0.544,-0.016
21358.85858927806,0.528,-0.008
21358.85885759294,0.544,0.0
21358.85912590782,0.528,0.0
21358.859394222698,0.544,-0.008
21358.859662537576,0.528,0.0
21358.859930852454,0.552,-0.008
21358.86019916733,0.536,-0.008
21358.86046748221,0.528,0.0
21358.860735797087,0.528,-0.008
21358.861004111965,0.552,0.0
21358.861272426842,0.552,0.0
21358.86154074172,0.528,-0.016
21358.8618090566,0.544,0.0
21358.86207737148,0.528,-0.016
21358.862345686357,0.544,-0.008
21358.862614001235,0.528,0.0
21358.862882316113,0.544,0.0
21358.86315063099,0.528,-0.016
21358.863418945868,0.544,0.0
21358.863687260746,0.528,-0.016
21358.863955575624,0.536,-0.008
21358.864223890505,0.528,0.0
21358.864492205383,0.536,0.0
21358.86476052026,0.528,-0.016
21358.86502883514,0.528,0.0
21358.865297150016,0.544,-0.016
21358.865565464894,0.544,0.0
21358.86583377977,0.528,-0.016
21358.86610209465,0.528,0.0
21358.866370409527,0.544,-0.016
21358.866638724405,0.528,0.0
21358.866907039286,0.544,-0.016
21358.867175354164,0.544,0.0
21358.86744366904,0.528,-0.008
21358.86771198392,0.544,-0.016
21358.867980298797,0.528,0.0
21358.868248613675,0.544,-0.016
21358.868516928553,0.528,0.0
21358.86878524343,0.528,0.0
21358.86905355831,0.552,-0.016
21358.86932187319,0.544,0.0
21358.869590188067,0.528,-0.016
21358.869858502945,0.528,0.0
21358.870126817823,0.544,-0.016
21358.8703951327,0.552,0.0
21358.87066344758,0.528,-0.016
21358.870931762456,0.528,0.0
21358.871200077334,0.544,-0.008
21358.87146839221,0.528,0.0
21358.871736707093,0.544,-0.016
21358.87200502197,0.544,0.0
21358.87227333685,0.528,-0.016
21358.872541651726,0.528,0.0
21358.872809966604,0.544,-0.016
21358.873078281482,0.536,0.0
21358.87334659636,0.544,-0.016
21358.873614911237,0.544,0.0
21358.873883226115,0.528,-0.008
21358.874151540993,0.544,-0.008
21358.874419855874,0.528,0.0
21358.874688170752,0.528,0.0
21358.87495648563,0.544,-0.016
21358.875224800508,0.536,-0.016
21358.875493115385,0.544,0.0
21358.875761430263,0.528,0.0
21358.87602974514,0.552,-0.016
21358.87629806002,0.528,0.0
21358.876566374896,0.544,-0.016
21358.876834689778,0.544,0.0
21358.877103004656,0.528,-0.016
21358.877371319533,0.544,-0.016
21358.87763963441,0.528,0.0
21358.87790794929,0.544,0.0
21358.878176264167,0.528,-0.008
21358.878444579044,0.544,-0.008
21358.878712893922,0.528,0.0
21358.8789812088,0.528,0.0
21358.87924952368,0.544,-0.016
21358.87951783856,0.536,0.0
21358.879786153437,0.552,-0.008
21358.880054468314,0.544,0.0
21358.880322783192,0.528,-0.016
21358.88059109807,0.528,0.0
21358.880859412948,0.544,-0.016
21358.881127727826,0.528,0.0
21358.881396042703,0.544,-0.016
21358.88166435758,0.544,0.0
21358.881932672462,0.528,-0.016
21358.88220098734,0.528,0.0
21358.882469302218,0.544,-0.016
21358.882737617096,0.544,0.0
21358.883005931973,0.528,-0.016
21358.88327424685,0.544,0.0
21358.88354256173,0.528,-0.016
21358.883810876607,0.544,-0.008
21358.884079191484,0.528,0.0
21358.884347506366,0.544,-0.008
21358.884615821244,0.528,0.0
21358.88488413612,0.544,0.0
21358.885152451,0.528,-0.016
21358.885420765877,0.544,0.0
21358.885689080755,0.528,-0.016
21358.885957395632,0.528,0.0
21358.88622571051,0.544,-0.016
21358.886494025388,0.528,0.0
21358.886762340266,0.544,-0.016
21358.887030655147,0.528,0.0
21358.887298970025,0.544,-0.016
21358.887567284903,0.544,-0.016
21358.88783559978,0.528,0.0
21358.888103914658,0.544,-0.008
21358.888372229536,0.528,0.0
21358.888640544414,0.544,0.0
21358.88890885929,0.528,-0.016
21358.88917717417,0.544,0.0
21358.88944548905,0.528,-0.016
21358.88971380393,0.544,0.0
21358.889982118806,0.528,-0.008
21358.890250433684,0.544,0.0
21358.89051874856,0.528,-0.016
21358.89078706344,0.528,-0.016
21358.891055378317,0.552,0.0
21358.891323693195,0.544,-0.016
21358.891592008073,0.528,0.0
21358.891860322954,0.552,-0.016
21358.89212863783,0.528,0.0
21358.89239695271,0.544,-0.016
21358.892665267587,0.528,0.0
21358.892933582465,0.536,-0.016
21358.893201897343,0.528,0.0
21358.89347021222,0.536,-0.016
21358.8937385271,0.528,0.0
21358.894006841976,0.536,-0.016
21358.894275156854,0.528,0.0
21358.894543471735,0.528,0.0
21358.894811786613,0.544,-0.016
21358.89508010149,0.528,-0.008
21358.89534841637,0.544,0.024
21358.895616731246,0.528,0.024
21358.895885046124,0.544,0.136
21358.896153361,0.528,0.14400000000000002
21358.89642167588,0.544,0.28800000000000003
21358.896689990757,0.544,0.296
21358.89695830564,0.528,0.36
21358.897226620516,0.544,0.36
21358.897494935394,0.528,0.384
21358.897763250272,0.544,0.384
21358.89803156515,0.528,0.4
21358.898299880027,0.544,0.392
21358.898568194905,0.528,0.4
21358.898836509783,0.536,0.392
21358.89910482466,0.528,0.4
21358.899373139542,0.552,0.392
21358.89964145442,0.528,0.4
21358.899909769298,0.544,0.392
21358.900178084175,0.528,0.4
21358.900446399053,0.528,0.4
21358.90071471393,0.544,0.392
21358.90098302881,0.544,0.392
21358.901251343686,0.528,0.4
21358.901519658564,0.536,0.4
21358.901787973442,0.528,0.392
21358.902056288323,0.536,0.392
21358.9023246032,0.528,0.392
21358.90259291808,0.544,0.392
21358.902861232957,0.528,0.392
21358.903129547834,0.528,0.392
21358.903397862712,0.544,0.392
21358.90366617759,0.528,0.392
21358.903934492468,0.544,0.4
21358.904202807345,0.528,0.392
21358.904471122227,0.544,0.392
21358.904739437105,0.528,0.392
21358.905007751982,0.544,0.392
21358.90527606686,0.544,0.392
21358.905544381738,0.536,0.4
21358.905812696616,0.528,0.4
21358.906081011493,0.544,0.392
21358.90634932637,0.528,0.392
21358.90661764125,0.544,0.392
21358.906885956127,0.544,0.392
21358.907154271008,0.528,0.4
21358.907422585886,0.528,0.392
21358.907690900764,0.544,0.4
21358.90795921564,0.544,0.392
21358.90822753052,0.528,0.392
21358.908495845397,0.544,0.392
21358.908764160275,0.528,0.4
21358.909032475152,0.544,0.392
21358.90930079003,0.528,0.4
21358.90956910491,0.544,0.392
21358.90983741979,0.528,0.4
21358.910105734667,0.536,0.384
21358.910374049545,0.528,0.4
21358.910642364423,0.536,0.392
21358.9109106793,0.528,0.392
21358.911178994178,0.544,0.392
21358.911447309056,0.528,0.4
21358.911715623934,0.544,0.392
21358.911983938815,0.528,0.4
21358.912252253693,0.528,0.392
21358.91252056857,0.544,0.4
21358.91278888345,0.544,0.392
21358.913057198326,0.528,0.392
21358.913325513204,0.544,0.392
21358.91359382808,0.528,0.4
21358.91386214296,0.544,0.392
21358.914130457837,0.528,0.4
21358.914398772715,0.544,0.392
21358.914667087596,0.528,0.4
21358.914935402474,0.528,0.384
21358.91520371735,0.544,0.4
21358.91547203223,0.528,0.392
21358.915740347107,0.544,0.4
21358.916008661985,0.528,0.392
21358.916276976863,0.544,0.392
21358.91654529174,0.552,0.4
21358.91681360662,0.528,0.384
21358.9170819215,0.544,0.392
21358.917350236377,0.528,0.384
21358.917618551255,0.544,0.376
21358.917886866133,0.528,0.392
21358.91815518101,0.528,0.384
21358.91842349589,0.544,0.392
21358.918691810766,0.528,0.392
21358.918960125644,0.544,0.384
21358.91922844052,0.544,0.384
21358.919496755403,0.528,0.392
21358.91976507028,0.544,0.384
21358.92003338516,0.528,0.392
21358.920301700036,0.536,0.392
21358.920570014914,0.528,0.4
21358.920838329792,0.536,0.392
21358.92110664467,0.528,0.4
21358.921374959547,0.544,0.392
21358.921643274425,0.528,0.4
21358.921911589303,0.528,0.392
21358.922179904184,0.544,0.4
21358.922448219062,0.528,0.4
21358.92271653394,0.544,0.392
21358.922984848818,0.536,0.392
21358.923253163695,0.544,0.4
21358.923521478573,0.528,0.4
21358.92378979345,0.544,0.392
21358.92405810833,0.528,0.392
21358.924326423206,0.544,0.4
21358.924594738088,0.544,0.392
21358.924863052966,0.528,0.4
21358.925131367843,0.536,0.392
21358.92539968272,0.528,0.4
21358.9256679976,0.544,0.392
21358.925936312477,0.528,0.4
21358.926204627354,0.544,0.384
21358.926472942232,0.528,0.4
21358.92674125711,0.528,0.392
21358.927009571988,0.552,0.4
21358.92727788687,0.544,0.392
21358.927546201747,0.528,0.4
21358.927814516624,0.528,0.392
21358.928082831502,0.544,0.4
21358.92835114638,0.528,0.392
21358.928619461258,0.544,0.4
21358.928887776136,0.528,0.392
21358.929156091013,0.544,0.4
21358.92942440589,0.528,0.392
21358.929692720772,0.544,0.392
21358.92996103565,0.528,0.392
21358.930229350528,0.544,0.392
21358.930497665406,0.544,0.392
21358.930765980283,0.528,0.392
21358.93103429516,0.528,0.392
21358.93130261004,0.544,0.4
21358.931570924917,0.528,0.4
21358.931839239794,0.544,0.384
21358.932107554676,0.536,0.392
21358.932375869554,0.544,0.384
21358.93264418443,0.544,0.384
21358.93291249931,0.528,0.4
21358.933180814187,0.528,0.4
21358.933449129065,0.544,0.384
21358.933717443942,0.528,0.4
21358.93398575882,0.544,0.392
21358.934254073698,0.544,0.392
21358.934522388576,0.528,0.384
21358.934790703457,0.544,0.4
21358.935059018335,0.528,0.384
21358.935327333213,0.544,0.392
21358.93559564809,0.528,0.392
21358.935863962968,0.528,0.392
21358.936132277846,0.544,0.4
21358.936400592724,0.528,0.392
21358.9366689076,0.544,0.4
21358.93693722248,0.528,0.384
21358.93720553736,0.544,0.4
21358.93747385224,0.528,0.392
21358.937742167116,0.544,0.4
21358.938010481994,0.536,0.392
21358.93827879687,0.528,0.392
21358.93854711175,0.536,0.392
21358.938815426627,0.52,0.392
21358.939083741505,0.528,0.392
21358.939352056383,0.544,0.4
21358.939620371264,0.528,0.4
21358.93988868614,0.52,0.392
21358.94015700102,0.52,0.392
21358.940425315897,0.552,0.392
21358.940693630775,0.536,0.392
21358.940961945653,0.52,0.4
21358.94123026053,0.536,0.392
21358.94149857541,0.512,0.4
21358.941766890286,0.512,0.4
21358.942035205164,0.536,0.392
21358.942303520045,0.536,0.384
21358.942571834923,0.512,0.4
21358.9428401498,0.512,0.384
21358.94310846468,0.528,0.4
21358.948367595673,0.528,-0.016
21358.948614207704,0.544,0.0
21358.94886081974,0.544,-0.016
21358.94910743177,0.528,0.0
21358.9493540438,0.544,-0.016
21358.949600655833,0.52,0.0
21358.949847267868,0.52,-0.016
21358.9500938799,0.544,0.0
21358.95034049193,0.528,-0.016
21358.950587103962,0.552,0.0
21358.950833715997,0.536,-0.016
21358.95108032803,0.528,0.0
21358.95132694006,0.544,-0.008
21358.95157355209,0.528,-0.016
21358.951820164126,0.528,-0.008
21358.952066776157,0.544,-0.016
21358.95231338819,0.544,-0.016
21358.95256000022,0.528,-0.008
21358.952806612255,0.544,0.0
21358.953053224286,0.528,-0.016
21358.953299836317,0.528,-0.008
21358.95354644835,0.544,0.024
21358.953793060384,0.544,0.024
21358.954039672415,0.528,0.136
21358.954286284446,0.528,0.152
21358.954532896478,0.544,0.296
21358.954779508513,0.528,0.296
21358.955026120544,0.544,0.368
21358.955272732575,0.528,0.368
21358.955519344607,0.552,0.392
21358.95576595664,0.544,0.392
21358.956012568673,0.528,0.4
21358.956259180704,0.528,0.392
21358.956505792736,0.544,0.4
21358.95675240477,0.544,0.4
21358.956999016802,0.528,0.40800000000000003
21358.957245628833,0.528,0.40800000000000003
21358.957492240865,0.544,0.4
21358.9577388529,0.528,0.40800000000000003
21358.95798546493,0.544,0.392
21358.958232076962,0.528,0.40800000000000003
21358.958478688994,0.544,0.4
21358.95872530103,0.528,0.4
21358.95897191306,0.544,0.40800000000000003
21358.95921852509,0.528,0.4
21358.959465137123,0.544,0.4
21358.959711749158,0.528,0.4
21358.95995836119,0.544,0.40800000000000003
21358.96020497322,0.528,0.4
21358.96045158525,0.544,0.4
21358.960698197287,0.528,0.4
21358.960944809318,0.544,0.40800000000000003
21358.96119142135,0.528,0.4
21358.96143803338,0.544,0.40800000000000003
21358.961684645416,0.528,0.4
21358.961931257447,0.544,0.40800000000000003
21358.96217786948,0.528,0.4
21358.96242448151,0.544,0.40800000000000003
21358.962671093544,0.528,0.4
21358.962917705576,0.544,0.40800000000000003
21358.963164317607,0.528,0.4
21358.96341092964,0.544,0.4
21358.963657541673,0.536,0.4
21358.963904153705,0.528,0.40800000000000003
21358.964150765736,0.544,0.4
21358.964397377767,0.528,0.40800000000000003
21358.964643989802,0.536,0.40800000000000003
21358.964890601834,0.528,0.4
21358.965137213865,0.528,0.4
21358.965383825896,0.552,0.40800000000000003
21358.96563043793,0.528,0.40800000000000003
21358.965877049963,0.544,0.4
21358.966123661994,0.544,0.392
21358.966370274025,0.528,0.40800000000000003
21358.96661688606,0.528,0.4
21358.96686349809,0.544,0.40800000000000003
21358.967110110123,0.528,0.40800000000000003
21358.967356722158,0.544,0.392
21358.96760333419,0.528,0.4
21358.96784994622,0.536,0.392
21358.968096558252,0.528,0.392
21358.968343170287,0.552,0.384
21358.96858978232,0.544,0.384
21358.96883639435,0.528,0.40800000000000003
21358.96908300638,0.528,0.392
21358.969329618416,0.544,0.384
21358.969576230447,0.528,0.392
21358.96982284248,0.544,0.376
21358.97006945451,0.528,0.384
21358.970316066545,0.544,0.40800000000000003
21358.970562678576,0.544,0.392
21358.970809290608,0.528,0.392
21358.97105590264,0.528,0.384
21358.971302514674,0.544,0.4
21358.971549126705,0.528,0.392
21358.971795738737,0.544,0.4
21358.972042350768,0.544,0.40800000000000003
21358.972288962803,0.528,0.392
21358.972535574834,0.528,0.392
21358.972782186866,0.544,0.4
21358.973028798897,0.544,0.392
21358.973275410932,0.528,0.4
21358.973522022963,0.528,0.392
21358.973768634994,0.544,0.376
21358.974015247026,0.528,0.392
21358.97426185906,0.544,0.40800000000000003
21358.974508471092,0.544,0.4
21358.974755083123,0.528,0.40800000000000003
21358.975001695155,0.528,0.4
21358.97524830719,0.544,0.40800000000000003
21358.97549491922,0.528,0.40800000000000003
21358.975741531252,0.536,0.4
21358.975988143284,0.528,0.392
21358.97623475532,0.544,0.4
21358.97648136735,0.528,0.392
21358.97672797938,0.544,0.4
21358.976974591413,0.528,0.4
21358.977221203448,0.544,0.384
21358.97746781548,0.528,0.392
21358.97771442751,0.544,0.4
21358.97796103954,0.544,0.4
21358.978207651577,0.528,0.384
21358.978454263608,0.528,0.4
21358.97870087564,0.544,0.384
21358.97894748767,0.528,0.384
21358.979194099706,0.544,0.4
21358.979440711737,0.528,0.4
21358.97968732377,0.544,0.384
21358.9799339358,0.528,0.384
21358.980180547835,0.544,0.4
21358.980427159866,0.536,0.392
21358.980673771897,0.528,0.4
21358.98092038393,0.528,0.4
21358.981166995964,0.544,0.4
21358.981413607995,0.544,0.4
21358.981660220026,0.528,0.4
21358.981906832058,0.528,0.40800000000000003
21358.982153444093,0.544,0.392
21358.982400056124,0.528,0.40800000000000003
21358.982646668155,0.544,0.392
21358.982893280187,0.528,0.392
21358.98313989222,0.544,0.384
21358.983386504253,0.528,0.384
21358.983633116284,0.544,0.40800000000000003
21358.983879728316,0.528,0.4
21358.98412634035,0.544,0.40800000000000003
21358.98437295238,0.544,0.4
21358.984619564413,0.528,0.392
21358.984866176444,0.528,0.4
21358.98511278848,0.544,0.384
21358.98535940051,0.528,0.392
21358.985606012542,0.536,0.4
21358.985852624577,0.528,0.4
21358.98609923661,0.544,0.384
21358.98634584864,0.528,0.4
21358.98659246067,0.544,0.384
21358.986839072706,0.528,0.4
21358.987085684737,0.544,0.376
21358.98733229677,0.528,0.40800000000000003
21358.9875789088,0.544,0.392
21358.987825520835,0.528,0.4
21358.988072132866,0.544,0.40800000000000003
21358.988318744898,0.544,0.4
21358.98856535693,0.528,0.392
21358.988811968964,0.528,0.4
21358.989058580995,0.536,0.40800000000000003
21358.989305193027,0.544,0.40800000000000003
21358.989551805058,0.528,0.4
21358.989798417093,0.544,0.4
21358.990045029124,0.528,0.40800000000000003
21358.990291641156,0.528,0.4
21358.990538253187,0.544,0.40800000000000003
21358.990784865222,0.544,0.4
21358.991031477253,0.528,0.40800000000000003
21358.991278089285,0.528,0.4
21358.991524701316,0.544,0.40800000000000003
21358.99177131335,0.528,0.4
21358.992017925382,0.544,0.40800000000000003
21358.992264537414,0.536,0.40800000000000003
21358.992511149445,0.528,0.392
21358.99275776148,0.528,0.4
21358.99300437351,0.536,0.40800000000000003
21358.993250985543,0.528,0.4
21358.993497597574,0.544,0.4
21358.99374420961,0.528,0.4
21358.99399082164,0.544,0.40800000000000003
21358.99423743367,0.528,0.4
21358.994484045703,0.544,0.40800000000000003
21358.994730657738,0.528,0.4
21358.99497726977,0.544,0.40800000000000003
21358.9952238818,0.528,0.4
21358.99547049383,0.544,0.40800000000000003
21358.995717105867,0.528,0.4
21358.995963717898,0.544,0.4
21358.99621032993,0.528,0.4
21358.99645694196,0.544,0.40800000000000003
21358.996703553996,0.528,0.41600000000000004
21358.996950166027,0.536,0.392
21358.99719677806,0.528,0.40800000000000003
21358.99744339009,0.544,0.392
21358.997690002125,0.528,0.40800000000000003
21358.997936614156,0.544,0.392
21358.998183226187,0.528,0.40800000000000003
21358.99842983822,0.544,0.392
21358.998676450254,0.528,0.40800000000000003
21358.998923062285,0.544,0.392
21358.999169674316,0.528,0.4
21358.999416286348,0.544,0.40800000000000003
21358.999662898383,0.528,0.4
21358.999909510414,0.544,0.40800000000000003
21359.000156122445,0.544,0.4
21359.000402734477,0.528,0.4
21359.00064934651,0.528,0.4
21359.000895958543,0.544,0.40800000000000003
21359.001142570574,0.528,0.40800000000000003
21359.001389182606,0.544,0.4
21359.00163579464,0.544,0.4
21359.001882406672,0.528,0.40800000000000003
21359.002129018703,0.528,0.4
21359.002375630735,0.544,0.40800000000000003
21359.00262224277,0.528,0.4
21359.0028688548,0.536,0.40800000000000003
21359.003115466832,0.528,0.4
21359.003362078864,0.536,0.40800000000000003
21359.0036086909,0.528,0.40800000000000003
21359.00385530293,0.544,0.4
21359.00410191496,0.544,0.40800000000000003
21359.004348526996,0.528,0.4
21359.004595139028,0.528,0.40800000000000003
21359.00484175106,0.552,0.4
21359.00508836309,0.528,0.4
21359.005334975125,0.544,0.40800000000000003
21359.005581587156,0.528,0.4
21359.005828199188,0.544,0.4
21359.00607481122,0.528,0.4
21359.006321423254,0.544,0.4
21359.006568035285,0.528,0.4
21359.006814647317,0.544,0.392
21359.007061259348,0.528,0.40800000000000003
21359.007307871383,0.544,0.392
21359.007554483414,0.528,0.4
21359.007801095446,0.544,0.40800000000000003
21359.008047707477,0.52,0.4
21359.008294319512,0.536,0.40800000000000003
21359.008540931543,0.528,0.4
21359.008787543575,0.512,0.40800000000000003
21359.009034155606,0.512,0.4
21359.00928076764,0.536,0.40800000000000003
21359.009527379672,0.512,0.4
21359.009773991704,0.536,0.40800000000000003
21359.010020603735,0.544,0.4
21359.01026721577,0.52,0.40800000000000003
21359.0105138278,0.52,0.40800000000000003
21359.010760439833,0.536,0.4
21359.011007051864,0.512,0.4
21359.0112536639,0.536,0.40800000000000003
21359.01150027593,0.52,0.40800000000000003
21359.01174688796,0.528,0.4
21359.011993499993,0.528,0.40800000000000003
21359.012240112028,0.536,0.392
21359.01248672406,0.536,0.4
21359.01273333609,0.512,0.40800000000000003
21359.012979948122,0.512,0.4
21359.013226560157,0.536,0.40800000000000003
21359.01347317219,0.528,0.4
21359.01371978422,0.544,0.4
21359.01396639625,0.544,0.4
21359.014213008286,0.512,0.40800000000000003
21359.014459620317,0.528,0.40800000000000003
21359.01470623235,0.512,0.384
21359.01495284438,0.52,0.376
21359.015199456415,0.536,0.312
21359.015446068446,0.52,0.304
21359.015692680478,0.536,0.16
21359.01593929251,0.52,0.152
21359.016185904544,0.536,0.048
21359.016432516575,0.52,0.048
21359.016679128606,0.536,0.008
21359.016925740638,0.52,0.008
21359.017172352673,0.536,-0.008
21359.017418964704,0.544,-0.008
21359.017665576735,0.52,0.0
21359.017912188767,0.544,0.0
21359.0181588008,0.512,-0.008
21359.018405412833,0.52,-0.016
21359.018652024864,0.536,0.0
21359.018898636896,0.52,-0.016
21359.01914524893,0.544,0.0
21359.019391860962,0.52,0.0
21359.019638472993,0.544,-0.016
21359.019885085025,0.52,0.0
21359.02013169706,0.536,-0.008
21359.02037830909,0.544,-0.016
21359.020624921122,0.52,0.0
21359.020871533154,0.528,-0.016
21359.02111814519,0.512,0.0
21359.02136475722,0.52,0.0
21359.02161136925,0.536,-0.016
21359.021857981283,0.52,-0.016
21359.022104593318,0.536,0.0
21359.02235120535,0.528,-0.008
21359.02259781738,0.544,0.0
21359.022844429415,0.52,-0.016
21359.023091041447,0.528,0.0
21359.023337653478,0.512,-0.016
21359.02358426551,0.536,0.0
21359.023830877544,0.52,0.0
21359.024077489576,0.536,-0.008
21359.024324101607,0.552,0.0
21359.02457071364,0.52,-0.016
21359.024817325673,0.52,0.0
21359.025063937705,0.536,-0.016
21359.025310549736,0.536,0.0
21359.025557161767,0.52,-0.016
21359.025803773802,0.52,-0.016
21359.026050385834,0.544,0.0
21359.026296997865,0.52,0.0
21359.026543609896,0.536,-0.016
21359.02679022193,0.528,-0.016
21359.027036833962,0.512,0.0
21359.027283445994,0.512,0.0
21359.027530058025,0.536,-0.016
21359.02777667006,0.544,-0.016
21359.02802328209,0.52,0.0
21359.028269894123,0.52,-0.016
21359.028516506154,0.536,0.0
21359.02876311819,0.528,-0.016
21359.02900973022,0.544,0.0
21359.02925634225,0.528,0.0
21359.029502954283,0.544,-0.016
21359.029749566318,0.544,0.0
21359.02999617835,0.528,-0.016
21359.03024279038,0.544,0.0
21359.030489402412,0.528,-0.016
21359.030736014447,0.528,-0.016
21359.03098262648,0.544,0.0
21359.03122923851,0.528,-0.016
21359.03147585054,0.544,0.0
21359.031722462576,0.528,-0.016
21359.031969074607,0.544,0.0
21359.03221568664,0.528,-0.016
21359.03246229867,0.544,0.0
21359.032708910705,0.528,-0.016
21359.032955522736,0.552,0.0
21359.033202134768,0.528,-0.016
21359.0334487468,0.544,0.0
21359.033695358834,0.544,-0.016
21359.033941970865,0.528,0.0
21359.034188582897,0.528,0.0
21359.034435194928,0.544,-0.016
21359.034681806963,0.528,0.0
21359.034928418994,0.544,-0.016
21359.035175031026,0.544,0.0
21359.035421643057,0.528,-0.016
21359.035668255092,0.528,0.0
21359.035914867123,0.544,-0.016
21359.036161479155,0.544,0.0
21359.036408091186,0.528,-0.016
21359.03665470322,0.544,0.0
21359.036901315252,0.528,-0.016
21359.037147927284,0.528,-0.016
21359.037394539315,0.536,0.0
21359.03764115135,0.528,0.0
21359.03788776338,0.536,-0.016
21359.038134375412,0.528,-0.016
21359.038380987444,0.536,0.0
21359.03862759948,0.544,-0.016
21359.03887421151,0.528,0.0
21359.03912082354,0.528,-0.016
21359.039367435573,0.544,0.0
21359.039614047608,0.528,0.0
21359.03986065964,0.544,-0.016
21359.04010727167,0.528,-0.016
21359.0403538837,0.544,0.0
21359.040600495737,0.544,-0.016
21359.040847107768,0.528,0.0
21359.0410937198,0.528,0.0
21359.041340331834,0.536,-0.016
21359.041586943866,0.528,-0.016
21359.041833555897,0.544,0.0
21359.04208016793,0.536,-0.016
21359.042326779963,0.528,0.0
21359.042573391995,0.528,0.0
21359.042820004026,0.544,-0.016
21359.043066616057,0.528,0.0
21359.043313228092,0.544,-0.016
21359.043559840124,0.528,0.0
21359.043806452155,0.544,-0.016
21359.044053064186,0.528,-0.008
21359.04429967622,0.544,-0.016
21359.044546288253,0.528,-0.008
21359.044792900284,0.544,-0.016
21359.045039512315,0.528,0.0
21359.04528612435,0.536,-0.016
21359.04553273638,0.528,0.0
21359.045779348413,0.544,-0.016
21359.046025960444,0.544,-0.016
21359.04627257248,0.528,0.0
21359.04651918451,0.544,-0.016
21359.046765796542,0.528,0.0
21359.047012408573,0.528,-0.008
21359.047259020608,0.544,-0.016
21359.04750563264,0.528,-0.016
21359.04775224467,0.552,0.0
21359.047998856702,0.544,-0.016
21359.048245468737,0.528,0.0
21359.04849208077,0.544,-0.016
21359.0487386928,0.52,0.0
21359.04898530483,0.52,-0.016
21359.049231916866,0.544,0.0
21359.049478528897,0.552,-0.016
21359.04972514093,0.52,0.0
21359.04997175296,0.52,-0.016
21359.050218364995,0.512,0.0
21359.050464977026,0.528,0.0
21359.050711589058,0.512,-0.016
21359.05095820109,0.52,-0.016
21359.051204813124,0.536,-0.008
21359.051451425155,0.528,0.0
21359.051698037187,0.544,-0.016
21359.051944649218,0.536,-0.016
21359.052191261253,0.512,0.0
21359.052437873284,0.52,-0.016
21359.052684485316,0.536,0.0
21359.052931097347,0.536,-0.016
21359.053177709382,0.52,0.0
21359.053424321413,0.536,-0.016
21359.053670933445,0.52,0.0
21359.053917545476,0.52,-0.016
21359.05416415751,0.544,0.0
21359.054410769542,0.536,-0.016
21359.054657381574,0.512,0.0
21359.054903993605,0.512,-0.016
21359.05515060564,0.536,0.0
21359.05539721767,0.52,-0.016
21359.055643829703,0.544,0.0
21359.055890441734,0.536,0.0
21359.05613705377,0.512,-0.016
21359.0563836658,0.512,-0.008
21359.05663027783,0.528,-0.016
21359.056876889863,0.52,0.0
21359.057123501898,0.536,-0.016
21359.05737011393,0.52,-0.008
21359.05761672596,0.544,-0.016
21359.057863337992,0.544,-0.016
21359.058109950027,0.512,0.0
21359.058356562058,0.52,-0.016
21359.05860317409,0.536,0.0
21359.05884978612,0.52,-0.016
21359.059096398156,0.544,0.0
21359.059343010187,0.52,-0.016
21359.05958962222,0.536,0.0
21359.059836234253,0.52,-0.016
21359.060082846285,0.536,0.0
21359.060329458316,0.52,-0.016
21359.060576070347,0.544,-0.008
21359.060822682382,0.528,-0.016
21359.061069294414,0.544,0.0
21359.061315906445,0.544,-0.016
21359.061562518476,0.528,0.0
21359.06180913051,0.52,-0.008
21359.062055742543,0.536,-0.016
21359.062302354574,0.528,-0.016
21359.062548966605,0.512,0.0
21359.06279557864,0.52,-0.016
21359.06304219067,0.536,0.0
21359.063288802703,0.536,-0.016
21359.063535414734,0.52,0.0
21359.06378202677,0.52,-0.016
21359.0640286388,0.544,0.0
21359.064275250832,0.528,0.0
21359.064521862863,0.536,-0.016
21359.0647684749,0.528,-0.016
21359.06501508693,0.512,0.0
21359.06526169896,0.512,-0.016
21359.065508310992,0.536,0.0
21359.065754923027,0.536,-0.016
21359.06600153506,0.52,0.0
21359.06624814709,0.536,-0.016
21359.06649475912,0.52,-0.008
21359.066741371156,0.52,0.0
21359.066987983188,0.536,-0.016
21359.06723459522,0.528,-0.016
21359.06748120725,0.544,0.0
21359.067727819285,0.528,-0.016
21359.067974431317,0.544,0.0
21359.068221043348,0.528,-0.008
21359.06846765538,0.544,-0.016
21359.068714267414,0.528,-0.016
21359.068960879446,0.544,0.0
21359.069207491477,0.528,-0.016
21359.069454103508,0.544,0.0
21359.069700715543,0.544,-0.016
21359.069947327574,0.528,0.0
21359.070193939606,0.544,-0.016
21359.070440551637,0.528,0.0
21359.070687163672,0.528,-0.016
21359.070933775703,0.544,0.0
21359.071180387735,0.528,-0.016
21359.071426999766,0.544,0.0
21359.0716736118,0.528,0.0
21359.071920223832,0.544,-0.016
21359.072166835864,0.528,-0.016
21359.072413447895,0.544,0.0
21359.07266005993,0.528,-0.016
21359.07290667196,0.544,0.0
21359.073153283993,0.528,-0.008
21359.073399896024,0.544,-0.016
21359.07364650806,0.528,-0.016
21359.07389312009,0.552,0.0
21359.07413973212,0.528,-0.016
21359.074386344153,0.544,0.0
21359.074632956188,0.536,-0.016
21359.07487956822,0.544,0.0
21359.07512618025,0.528,-0.008
21359.075372792282,0.536,-0.016
21359.075619404317,0.528,-0.016
21359.07586601635,0.544,0.0
21359.07611262838,0.528,-0.016
21359.07635924041,0.536,0.0
21359.076605852446,0.544,-0.008
21359.076852464477,0.528,0.024
21359.07709907651,0.528,0.024
21359.07734568854,0.544,0.14400000000000002
21359.077592300575,0.536,0.14400000000000002
21359.077838912606,0.528,0.28800000000000003
21359.078085524638,0.528,0.296
21359.078332136673,0.544,0.36
21359.078578748704,0.528,0.368
21359.078825360735,0.544,0.384
21359.079071972767,0.528,0.376
21359.0793185848,0.544,0.392
21359.079565196833,0.528,0.384
21359.079811808864,0.544,0.40800000000000003
21359.080058420896,0.528,0.392
21359.08030503293,0.544,0.4
21359.08055164496,0.536,0.392
21359.080798256993,0.552,0.40800000000000003
21359.081044869024,0.528,0.4
21359.08129148106,0.536,0.392
21359.08153809309,0.528,0.40800000000000003
21359.081784705122,0.544,0.392
21359.082031317153,0.528,0.4
21359.08227792919,0.544,0.384
21359.08252454122,0.544,0.376
21359.08277115325,0.528,0.40800000000000003
21359.083017765282,0.528,0.392
21359.083264377317,0.544,0.4
21359.08351098935,0.528,0.4
21359.08375760138,0.552,0.392
21359.08400421341,0.528,0.4
21359.084250825446,0.544,0.392
21359.084497437478,0.528,0.392
21359.08474404951,0.544,0.40800000000000003
21359.08499066154,0.544,0.40800000000000003
21359.085237273575,0.528,0.4
21359.085483885607,0.528,0.4
21359.085730497638,0.552,0.40800000000000003
21359.08597710967,0.544,0.4
21359.086223721704,0.528,0.40800000000000003
21359.086470333736,0.544,0.40800000000000003
21359.086716945767,0.528,0.4
21359.0869635578,0.528,0.40800000000000003
21359.087210169833,0.544,0.392
21359.087456781865,0.528,0.4
21359.087703393896,0.536,0.40800000000000003
21359.087950005927,0.528,0.40800000000000003
21359.088196617962,0.544,0.4
21359.088443229994,0.528,0.4
21359.088689842025,0.544,0.4
21359.088936454056,0.528,0.4
21359.08918306609,0.544,0.40800000000000003
21359.089429678123,0.544,0.4
21359.089676290154,0.528,0.40800000000000003
21359.089922902185,0.528,0.4
21359.09016951422,0.544,0.40800000000000003
21359.09041612625,0.528,0.4
21359.090662738283,0.552,0.40800000000000003
21359.090909350314,0.536,0.4
21359.09115596235,0.544,0.392
21359.09140257438,0.536,0.4
21359.09164918641,0.528,0.392
21359.091895798443,0.528,0.40800000000000003
21359.092142410478,0.544,0.4
21359.09238902251,0.536,0.4
21359.09263563454,0.528,0.40800000000000003
21359.092882246572,0.528,0.4
21359.093128858607,0.544,0.40800000000000003
21359.09337547064,0.528,0.4
21359.09362208267,0.544,0.40800000000000003
21359.0938686947,0.544,0.4
21359.094115306736,0.528,0.40800000000000003
21359.094361918767,0.528,0.40800000000000003
21359.0946085308,0.544,0.392
21359.09485514283,0.536,0.4
21359.095101754865,0.544,0.40800000000000003
21359.095348366896,0.544,0.4
21359.095594978928,0.528,0.40800000000000003
21359.09584159096,0.528,0.392
21359.096088202994,0.544,0.40800000000000003
21359.096334815025,0.544,0.4
21359.096581427057,0.528,0.40800000000000003
21359.09682803909,0.536,0.40800000000000003
21359.097074651123,0.528,0.392
21359.097321263154,0.528,0.4
21359.097567875186,0.544,0.40800000000000003
21359.09781448722,0.528,0.40800000000000003
21359.098061099252,0.544,0.4
21359.098307711283,0.528,0.40800000000000003
21359.098554323315,0.544,0.392
21359.09880093535,0.544,0.4
21359.09904754738,0.528,0.40800000000000003
21359.099294159412,0.528,0.4
21359.099540771444,0.544,0.392
21359.09978738348,0.544,0.4
21359.10003399551,0.528,0.392
21359.10028060754,0.528,0.40800000000000003
21359.100527219573,0.544,0.392
21359.100773831608,0.528,0.40800000000000003
21359.10102044364,0.544,0.392
21359.10126705567,0.544,0.40800000000000003
21359.1015136677,0.528,0.4
21359.101760279736,0.528,0.4
21359.102006891768,0.544,0.40800000000000003
21359.1022535038,0.528,0.4
21359.10250011583,0.536,0.40800000000000003
21359.102746727865,0.544,0.40800000000000003
21359.102993339897,0.528,0.4
21359.103239951928,0.528,0.392
21359.10348656396,0.544,0.40800000000000003
21359.103733175994,0.544,0.4
21359.103979788026,0.528,0.40800000000000003
21359.104226400057,0.528,0.392
21359.10447301209,0.544,0.40800000000000003
21359.104719624123,0.536,0.4
21359.104966236155,0.528,0.40800000000000003
21359.105212848186,0.528,0.40800000000000003
21359.105459460217,0.544,0.4
21359.105706072252,0.528,0.40800000000000003
21359.105952684284,0.536,0.392
21359.106199296315,0.528,0.4
21359.106445908346,0.552,0.40800000000000003
21359.10669252038,0.528,0.4
21359.106939132413,0.544,0.40800000000000003
21359.107185744444,0.544,0.392
21359.107432356475,0.528,0.40800000000000003
21359.10767896851,0.528,0.392
21359.10792558054,0.544,0.40800000000000003
21359.108172192573,0.528,0.4
21359.108418804604,0.544,0.392
21359.10866541664,0.544,0.4
21359.10891202867,0.52,0.392
21359.109158640702,0.52,0.4
21359.109405252733,0.544,0.392
21359.10965186477,0.52,0.392
21359.1098984768,0.552,0.40800000000000003
21359.11014508883,0.528,0.40800000000000003
21359.110391700862,0.544,0.392
21359.110638312897,0.528,0.392
21359.11088492493,0.544,0.40800000000000003
21359.11113153696,0.544,0.4
21359.11137814899,0.528,0.40800000000000003
21359.111624761026,0.52,0.40800000000000003
21359.111871373058,0.536,0.392
21359.11211798509,0.536,0.4
21359.11236459712,0.52,0.40800000000000003
21359.112611209155,0.528,0.4
21359.112857821186,0.544,0.4
21359.113104433218,0.52,0.40800000000000003
21359.11335104525,0.544,0.392
21359.113597657284,0.52,0.4
21359.113844269315,0.536,0.4
21359.114090881347,0.52,0.4
21359.114337493378,0.536,0.40800000000000003
21359.114584105413,0.536,0.4
21359.114830717444,0.52,0.40800000000000003
21359.115077329476,0.52,0.4
21359.11532394151,0.536,0.40800000000000003
21359.115570553542,0.544,0.4
21359.115817165573,0.528,0.40800000000000003
21359.116063777605,0.52,0.4
21359.11631038964,0.544,0.40800000000000003
21359.11655700167,0.544,0.4
21359.116803613702,0.512,0.4
21359.117050225734,0.52,0.4
21359.11729683777,0.544,0.40800000000000003
21359.1175434498,0.544,0.40800000000000003
21359.11779006183,0.52,0.4
21359.118036673863,0.52,0.4
21359.118283285898,0.544,0.40800000000000003
21359.11852989793,0.536,0.4
21359.11877650996,0.52,0.40800000000000003
21359.11902312199,0.52,0.4
21359.119269734027,0.536,0.40800000000000003
21359.119516346058,0.528,0.4
21359.11976295809,0.512,0.40800000000000003
21359.12000957012,0.536,0.4
21359.120256182156,0.512,0.40800000000000003
21359.120502794187,0.52,0.40800000000000003
21359.12074940622,0.544,0.392
21359.12099601825,0.544,0.40800000000000003
21359.121242630285,0.528,0.392
21359.121489242316,0.528,0.392
21359.121735854347,0.544,0.40800000000000003
21359.12198246638,0.544,0.4
21359.122229078414,0.528,0.40800000000000003
21359.122475690445,0.528,0.4
21359.122722302476,0.536,0.40800000000000003
21359.122968914508,0.552,0.4
21359.123215526542,0.528,0.40800000000000003
21359.123462138574,0.544,0.40800000000000003
21359.123708750605,0.528,0.392
21359.123955362636,0.528,0.392
21359.12420197467,0.544,0.384
21359.124448586703,0.544,0.384
21359.124695198734,0.528,0.4
21359.124941810765,0.528,0.4
21359.1251884228,0.544,0.392
21359.12543503483,0.544,0.392
21359.125681646863,0.528,0.4
21359.125928258894,0.528,0.4
21359.12617487093,0.544,0.384
21359.12642148296,0.544,0.4
21359.126668094992,0.528,0.384
21359.126914707023,0.528,0.4
21359.12716131906,0.544,0.384
21359.12740793109,0.528,0.392
21359.12765454312,0.544,0.4
21359.127901155152,0.544,0.4
21359.128147767187,0.528,0.384
21359.12839437922,0.528,0.384
21359.12864099125,0.536,0.4
21359.12888760328,0.528,0.392
21359.129134215316,0.544,0.40800000000000003
21359.129380827348,0.528,0.4
21359.12962743938,0.544,0.40800000000000003
21359.12987405141,0.544,0.4
21359.130120663445,0.528,0.40800000000000003
21359.130367275477,0.536,0.40800000000000003
21359.130613887508,0.528,0.4
21359.13086049954,0.528,0.4
21359.131107111574,0.544,0.40800000000000003
21359.131353723606,0.528,0.4
21359.131600335637,0.544,0.40800000000000003
21359.13184694767,0.544,0.40800000000000003
21359.132093559703,0.528,0.4
21359.132340171735,0.544,0.4
21359.132586783766,0.528,0.40800000000000003
21359.132833395797,0.544,0.4
21359.133080007832,0.528,0.40800000000000003
21359.133326619864,0.528,0.40800000000000003
21359.133573231895,0.544,0.4
21359.13381984393,0.544,0.4
21359.13406645596,0.528,0.4
21359.134313067992,0.528,0.4
21359.134559680024,0.536,0.4
21359.13480629206,0.528,0.4
21359.13505290409,0.544,0.392
21359.13529951612,0.544,0.4
21359.135546128153,0.528,0.392
21359.135792740188,0.528,0.392
21359.13603935222,0.544,0.384
21359.13628596425,0.528,0.392
21359.13653257628,0.544,0.40800000000000003
21359.136779188317,0.528,0.392
21359.137025800348,0.544,0.40800000000000003
21359.13727241238,0.528,0.40800000000000003
21359.13751902441,0.544,0.392
21359.137765636446,0.536,0.392
21359.138012248477,0.52,0.384
21359.13825886051,0.536,0.376
21359.13850547254,0.52,0.312
21359.138752084575,0.536,0.304
21359.138998696606,0.52,0.152
21359.139245308637,0.52,0.14400000000000002
21359.13949192067,0.536,0.048
21359.139738532704,0.52,0.048
21359.139985144735,0.536,0.0
21359.140231756766,0.52,0.008
21359.140478368798,0.536,-0.008
21359.140724980833,0.52,-0.008
21359.140971592864,0.536,0.0
21359.141218204895,0.544,-0.008
21359.141464816927,0.52,0.0
21359.14171142896,0.52,-0.008
21359.141958040993,0.528,0.0
21359.142204653024,0.52,-0.016
21359.142451265056,0.536,0.0
21359.14269787709,0.512,0.0
21359.142944489122,0.536,-0.016
21359.143191101153,0.52,0.0
21359.143437713185,0.536,-0.016
21359.14368432522,0.544,0.0
21359.14393093725,0.52,-0.008
21359.144177549282,0.512,0.0
21359.144424161314,0.528,-0.016
21359.14467077335,0.52,-0.016
21359.14491738538,0.536,0.0
21359.14516399741,0.52,0.0
21359.145410609442,0.536,-0.016
21359.145657221477,0.544,0.0
21359.14590383351,0.52,-0.016
21359.14615044554,0.536,0.0
21359.14639705757,0.52,-0.016
21359.146643669606,0.52,0.0
21359.146890281638,0.544,-0.016
21359.14713689367,0.528,0.0
21359.1473835057,0.512,-0.016
21359.147630117735,0.528,0.0
21359.147876729767,0.512,-0.016
21359.148123341798,0.52,0.0
21359.14836995383,0.544,-0.016
21359.148616565864,0.544,-0.016
21359.148863177896,0.52,0.0
21359.149109789927,0.52,0.0
21359.14935640196,0.536,-0.016
21359.149603013993,0.52,-0.016
21359.149849626025,0.552,0.0
21359.150096238056,0.544,-0.016
21359.150342850087,0.52,0.0
21359.150589462122,0.512,0.0
21359.150836074154,0.536,-0.016
21359.151082686185,0.528,-0.016
21359.151329298216,0.52,0.0
21359.15157591025,0.52,-0.016
21359.151822522283,0.544,0.0
21359.152069134314,0.536,-0.016
21359.15231574635,0.52,0.0
21359.15256235838,0.528,0.0
21359.15280897041,0.544,-0.016
21359.153055582443,0.528,0.0
21359.153302194478,0.552,-0.016
21359.15354880651,0.528,0.0
21359.15379541854,0.544,-0.016
21359.154042030572,0.536,0.0
21359.154288642607,0.552,-0.016
21359.154535254638,0.528,0.0
21359.15478186667,0.544,-0.016
21359.1550284787,0.528,0.0
21359.155275090736,0.536,-0.016
21359.155521702767,0.528,0.0
21359.1557683148,0.552,-0.016
21359.15601492683,0.544,-0.016
21359.156261538865,0.528,0.0
21359.156508150896,0.528,-0.016
21359.156754762927,0.544,0.0
21359.15700137496,0.544,-0.016
21359.157247986994,0.528,0.0
21359.157494599025,0.552,0.0
21359.157741211056,0.528,-0.016
21359.157987823088,0.528,0.0
21359.158234435123,0.544,-0.016
21359.158481047154,0.544,-0.016
21359.158727659185,0.528,0.0
21359.158974271217,0.536,-0.016
21359.15922088325,0.544,0.0
21359.159467495283,0.536,0.0
21359.159714107314,0.528,-0.016
21359.159960719346,0.528,0.0
21359.16020733138,0.544,-0.016
21359.160453943412,0.552,0.0
21359.160700555443,0.528,-0.016
21359.160947167475,0.544,-0.016
21359.16119377951,0.528,0.0
21359.16144039154,0.528,-0.016
21359.161687003572,0.544,0.0
21359.161933615604,0.528,-0.016
21359.16218022764,0.544,0.0
21359.16242683967,0.528,-0.016
21359.1626734517,0.544,0.0
21359.162920063733,0.544,-0.016
21359.163166675768,0.528,0.0
21359.1634132878,0.544,-0.008
21359.16365989983,0.528,-0.016
21359.16390651186,0.528,0.0
21359.164153123897,0.552,-0.016
21359.164399735928,0.544,0.0
21359.16464634796,0.528,-0.016
21359.16489295999,0.528,-0.016
21359.165139572026,0.544,0.0
21359.165386184057,0.536,-0.016
21359.165632796088,0.528,0.0
21359.16587940812,0.536,-0.016
21359.166126020154,0.528,0.0
21359.166372632186,0.528,-0.016
21359.166619244217,0.544,-0.008
21359.16686585625,0.544,-0.016
21359.167112468283,0.528,0.0
21359.167359080315,0.528,-0.016
21359.167605692346,0.544,0.0
21359.167852304377,0.528,-0.016
21359.168098916412,0.544,-0.008
21359.168345528444,0.544,0.0
21359.168592140475,0.536,-0.016
21359.168838752506,0.544,-0.008
21359.16908536454,0.528,-0.016
21359.169331976573,0.528,0.0
21359.169578588604,0.544,-0.016
21359.169825200635,0.544,0.0
21359.17007181267,0.528,-0.016
21359.1703184247,0.528,-0.016
21359.170565036733,0.544,0.0
21359.170811648768,0.544,-0.016
21359.1710582608,0.528,0.0
21359.17130487283,0.544,-0.016
21359.171551484862,0.528,-0.008
21359.171798096897,0.528,-0.016
21359.17204470893,0.544,0.0
21359.17229132096,0.544,0.0
21359.17253793299,0.528,-0.016
21359.172784545026,0.536,-0.016
21359.173031157057,0.528,0.0
21359.17327776909,0.536,-0.016
21359.17352438112,0.528,0.0
21359.173770993155,0.544,-0.016
21359.174017605186,0.528,-0.008
21359.174264217218,0.528,-0.016
21359.17451082925,0.544,0.0
21359.174757441284,0.528,-0.016
21359.175004053315,0.544,0.0
21359.175250665347,0.528,-0.016
21359.175497277378,0.544,0.0
21359.175743889413,0.528,0.0
21359.175990501444,0.544,-0.016
21359.176237113476,0.544,-0.016
21359.176483725507,0.528,0.0
21359.17673033754,0.528,0.0
21359.176976949573,0.544,-0.016
21359.177223561604,0.552,-0.016
21359.177470173636,0.528,0.0
21359.17771678567,0.536,-0.016
21359.177963397702,0.528,0.0
21359.178210009733,0.528,-0.016
21359.178456621765,0.544,0.0
21359.1787032338,0.544,0.0
21359.17894984583,0.528,-0.016
21359.179196457862,0.528,-0.016
21359.179443069894,0.544,0.0
21359.17968968193,0.528,-0.016
21359.17993629396,0.544,0.0
21359.18018290599,0.536,-0.016
21359.180429518023,0.528,-0.008
21359.180676130058,0.528,-0.016
21359.18092274209,0.544,0.0
21359.18116935412,0.536,-0.008
21359.18141596615,0.528,-0.016
21359.181662578187,0.536,-0.016
21359.181909190218,0.528,0.0
21359.18215580225,0.528,-0.016
21359.18240241428,0.552,0.0
21359.182649026316,0.528,0.0
21359.182895638347,0.544,-0.016
21359.18314225038,0.528,-0.016
21359.18338886241,0.544,0.0
21359.183635474445,0.536,-0.008
21359.183882086476,0.544,-0.016
21359.184128698507,0.528,-0.016
21359.18437531054,0.544,0.0
21359.184621922574,0.536,-0.016
21359.184868534605,0.528,0.0
21359.185115146636,0.528,-0.016
21359.185361758668,0.544,0.0
21359.185608370703,0.528,-0.016
21359.185854982734,0.544,0.0
21359.186101594765,0.528,-0.016
21359.186348206797,0.544,-0.008
21359.18659481883,0.544,-0.016
21359.186841430863,0.528,0.0
21359.187088042894,0.528,-0.008
21359.187334654926,0.544,-0.016
21359.18758126696,0.528,0.0
21359.18782787899,0.544,-0.016
21359.188074491023,0.528,-0.016
21359.188321103054,0.544,0.0
21359.18856771509,0.528,-0.016
21359.18881432712,0.544,0.0
21359.189060939152,0.528,-0.008
21359.189307551187,0.544,-0.016
21359.18955416322,0.528,0.0
21359.18980077525,0.544,-0.016
21359.19004738728,0.528,-0.016
21359.190293999316,0.544,-0.008
21359.190540611347,0.528,-0.008
21359.19078722338,0.544,-0.016
21359.19103383541,0.536,-0.016
21359.191280447445,0.528,0.0
21359.191527059476,0.528,-0.016
21359.191773671508,0.544,0.0
21359.19202028354,0.528,0.0
21359.192266895574,0.552,-0.016
21359.192513507605,0.528,-0.016
21359.192760119637,0.544,0.0
21359.193006731668,0.528,-0.016
21359.193253343703,0.544,0.0
21359.193499955734,0.528,-0.016
21359.193746567766,0.544,0.0
21359.193993179797,0.544,-0.016
21359.194239791832,0.528,0.0
21359.194486403863,0.528,-0.016
21359.194733015895,0.544,0.0
21359.194979627926,0.544,0.0
21359.19522623996,0.528,-0.016
21359.195472851992,0.528,-0.016
21359.195719464024,0.536,-0.008
21359.195966076055,0.544,-0.016
21359.19621268809,0.528,0.0
21359.19645930012,0.528,-0.016
21359.196705912153,0.544,0.0
21359.196952524184,0.552,-0.016
21359.19719913622,0.528,0.0
21359.19744574825,0.528,0.0
21359.19769236028,0.544,-0.016
21359.197938972313,0.544,-0.016
21359.198185584348,0.528,0.0
21359.19843219638,0.528,-0.016
21359.19867880841,0.544,0.0
21359.19892542044,0.528,-0.016
21359.199172032477,0.544,0.0
21359.199418644508,0.528,0.0
21359.19966525654,0.544,-0.016
21359.19991186857,0.528,-0.008
21359.200158480606,0.536,0.024
21359.200405092637,0.528,0.024
21359.20065170467,0.544,0.136
21359.2008983167,0.528,0.14400000000000002
21359.201144928735,0.544,0.296
21359.201391540766,0.528,0.296
21359.201638152797,0.544,0.368
21359.20188476483,0.544,0.368
21359.202131376864,0.528,0.392
21359.202377988895,0.544,0.392
21359.202624600926,0.528,0.392
21359.202871212958,0.528,0.392
21359.203117824993,0.544,0.40800000000000003
21359.203364437024,0.528,0.4
21359.203611049055,0.544,0.40800000000000003
21359.203857661087,0.528,0.4
21359.20410427312,0.544,0.40800000000000003
21359.204350885153,0.528,0.40800000000000003
21359.204597497184,0.544,0.392
21359.204844109216,0.528,0.4
21359.20509072125,0.544,0.40800000000000003
21359.205337333282,0.528,0.4
21359.205583945313,0.544,0.40800000000000003
21359.205830557345,0.528,0.4
21359.20607716938,0.544,0.40800000000000003
21359.20632378141,0.528,0.40800000000000003
21359.206570393442,0.544,0.4
21359.206817005474,0.552,0.4
21359.20706361751,0.528,0.4
21359.20731022954,0.528,0.4
21359.20755684157,0.536,0.40800000000000003
21359.207803453606,0.528,0.4
21359.208050065638,0.544,0.40800000000000003
21359.20829667767,0.528,0.4
21359.2085432897,0.536,0.40800000000000003
21359.208789901735,0.528,0.40800000000000003
21359.209036513766,0.544,0.392
21359.209283125798,0.528,0.392
21359.20952973783,0.544,0.4
21359.209776349864,0.528,0.392
21359.210022961895,0.544,0.384
21359.210269573927,0.528,0.384
21359.210516185958,0.544,0.40800000000000003
21359.210762797993,0.528,0.4
21359.211009410024,0.544,0.40800000000000003
21359.211256022056,0.528,0.4
21359.211502634087,0.544,0.392
21359.211749246122,0.544,0.392
21359.211995858153,0.528,0.4
21359.212242470185,0.528,0.392
21359.212489082216,0.544,0.384
21359.21273569425,0.528,0.392
21359.212982306282,0.544,0.40800000000000003
21359.213228918314,0.528,0.4
21359.213475530345,0.544,0.40800000000000003
21359.21372214238,0.544,0.40800000000000003
21359.21396875441,0.528,0.392
21359.214215366443,0.528,0.4
21359.214461978474,0.544,0.384
21359.21470859051,0.528,0.376
21359.21495520254,0.544,0.40800000000000003
21359.21520181457,0.528,0.4
21359.215448426603,0.544,0.392
21359.215695038638,0.544,0.392
21359.21594165067,0.528,0.40800000000000003
21359.2161882627,0.528,0.392
21359.216434874732,0.544,0.4
21359.216681486767,0.544,0.4
21359.2169280988,0.52,0.40800000000000003
21359.21717471083,0.536,0.4
21359.21742132286,0.52,0.40800000000000003
21359.217667934896,0.52,0.40800000000000003
21359.217914546927,0.536,0.392
21359.21816115896,0.536,0.40800000000000003
21359.21840777099,0.52,0.392
21359.218654383025,0.528,0.40800000000000003
21359.218900995056,0.544,0.4
21359.219147607088,0.544,0.4
21359.21939421912,0.52,0.392
21359.219640831154,0.528,0.4
21359.219887443185,0.544,0.40800000000000003
21359.220134055216,0.528,0.4
21359.220380667248,0.544,0.40800000000000003
21359.220627279283,0.544,0.4
21359.220873891314,0.528,0.40800000000000003
21359.221120503345,0.528,0.4
21359.221367115377,0.544,0.40800000000000003
21359.22161372741,0.528,0.4
21359.221860339443,0.544,0.40800000000000003
21359.222106951474,0.544,0.4
21359.222353563506,0.528,0.40800000000000003
21359.22260017554,0.528,0.4
21359.222846787572,0.536,0.40800000000000003
21359.223093399603,0.528,0.4
21359.223340011635,0.544,0.40800000000000003
21359.22358662367,0.528,0.4
21359.2238332357,0.544,0.40800000000000003
21359.224079847732,0.528,0.4
21359.224326459764,0.544,0.392
21359.2245730718,0.528,0.4
21359.22481968383,0.544,0.40800000000000003
21359.22506629586,0.528,0.4
21359.225312907893,0.536,0.40800000000000003
21359.225559519928,0.528,0.4
21359.22580613196,0.536,0.40800000000000003
21359.22605274399,0.52,0.4
21359.226299356025,0.544,0.40800000000000003
21359.226545968057,0.536,0.4
21359.226792580088,0.52,0.4
21359.22703919212,0.528,0.4
21359.227285804154,0.536,0.40800000000000003
21359.227532416186,0.52,0.4
21359.227779028217,0.536,0.4
21359.22802564025,0.52,0.4
21359.228272252283,0.552,0.40800000000000003
21359.228518864315,0.544,0.40800000000000003
21359.228765476346,0.512,0.4
21359.229012088377,0.52,0.40800000000000003
21359.229258700412,0.536,0.392
21359.229505312444,0.528,0.4
21359.229751924475,0.544,0.40800000000000003
21359.229998536506,0.528,0.4
21359.23024514854,0.512,0.40800000000000003
21359.230491760572,0.512,0.4
21359.230738372604,0.536,0.40800000000000003
21359.230984984635,0.528,0.4
21359.23123159667,0.512,0.4
21359.2314782087,0.512,0.40800000000000003
21359.231724820733,0.536,0.4
21359.231971432764,0.536,0.4
21359.2322180448,0.52,0.4
21359.23246465683,0.536,0.4
21359.23271126886,0.52,0.40800000000000003
21359.232957880893,0.528,0.4
21359.233204492928,0.544,0.40800000000000003
21359.23345110496,0.536,0.4
21359.23369771699,0.512,0.40800000000000003
21359.233944329022,0.512,0.4
21359.234190941057,0.528,0.40800000000000003
21359.23443755309,0.52,0.4
21359.23468416512,0.536,0.40800000000000003
21359.23493077715,0.528,0.40800000000000003
21359.235177389186,0.544,0.392
21359.235424001217,0.544,0.40800000000000003
21359.23567061325,0.528,0.4
21359.23591722528,0.536,0.4
21359.236163837315,0.512,0.40800000000000003
21359.236410449346,0.52,0.4
21359.236657061378,0.544,0.4
21359.23690367341,0.536,0.4
21359.237150285444,0.52,0.4
21359.237396897475,0.536,0.4
21359.237643509507,0.512,0.4
21359.237890121538,0.52,0.4
21359.238136733573,0.544,0.40800000000000003
21359.238383345604,0.536,0.4
21359.238629957636,0.52,0.40800000000000003
21359.238876569667,0.52,0.40800000000000003
21359.239123181702,0.544,0.392
21359.239369793733,0.536,0.4
21359.239616405765,0.52,0.40800000000000003
21359.239863017796,0.536,0.4
21359.24010962983,0.528,0.40800000000000003
21359.240356241862,0.528,0.40800000000000003
21359.240602853894,0.536,0.4
21359.240849465925,0.52,0.4
21359.24109607796,0.536,0.40800000000000003
21359.24134268999,0.52,0.4
21359.241589302022,0.536,0.4
21359.241835914054,0.544,0.4
21359.24208252609,0.52,0.40800000000000003
21359.24232913812,0.52,0.4
21359.24257575015,0.528,0.40800000000000003
21359.242822362183,0.528,0.40800000000000003
21359.243068974218,0.52,0.4
21359.24331558625,0.528,0.4
21359.24356219828,0.52,0.40800000000000003
21359.24380881031,0.52,0.4
21359.244055422347,0.536,0.40800000000000003
21359.248304128647,0.536,0.0
21359.248571222026,0.52,-0.016
21359.24883831541,0.52,0.0
21359.249105408788,0.536,-0.016
21359.249372502167,0.52,-0.016
21359.24963959555,0.544,0.0
21359.24990668893,0.52,0.0
21359.250173782308,0.544,-0.016
21359.25044087569,0.52,0.0
21359.25070796907,0.536,-0.016
21359.25097506245,0.536,0.0
21359.25124215583,0.52,-0.008
21359.25150924921,0.536,-0.016
21359.25177634259,0.512,0.0
21359.252043435972,0.536,0.0
21359.25231052935,0.52,-0.016
21359.25257762273,0.536,-0.008
21359.252844716113,0.512,0.0
21359.253111809492,0.52,0.0
21359.25337890287,0.536,-0.016
21359.253645996254,0.528,0.0
21359.253913089633,0.52,0.024
21359.254180183012,0.528,0.024
21359.254447276395,0.544,0.12
21359.254714369774,0.512,0.128
21359.254981463153,0.528,0.28
21359.255248556536,0.512,0.28800000000000003
21359.255515649915,0.536,0.368
21359.255782743294,0.52,0.368
21359.256049836677,0.536,0.4
21359.256316930056,0.544,0.4
21359.256584023435,0.52,0.41600000000000004
21359.256851116817,0.52,0.4
21359.257118210196,0.536,0.41600000000000004
21359.257385303576,0.52,0.40800000000000003
21359.25765239696,0.544,0.41600000000000004
21359.257919490337,0.512,0.41600000000000004
21359.258186583716,0.536,0.4
21359.2584536771,0.52,0.41600000000000004
21359.25872077048,0.536,0.40800000000000003
21359.258987863857,0.52,0.40800000000000003
21359.25925495724,0.544,0.41600000000000004
21359.25952205062,0.52,0.40800000000000003
21359.259789144,0.528,0.41600000000000004
21359.26005623738,0.528,0.40800000000000003
21359.26032333076,0.536,0.41600000000000004
21359.26059042414,0.52,0.40800000000000003
21359.26085751752,0.544,0.41600000000000004
21359.2611246109,0.52,0.40800000000000003
21359.26139170428,0.536,0.41600000000000004
21359.261658797663,0.528,0.40800000000000003
21359.26192589104,0.544,0.41600000000000004
21359.26219298442,0.512,0.40800000000000003
21359.262460077804,0.544,0.41600000000000004
21359.262727171183,0.528,0.40800000000000003
21359.26299426456,0.544,0.41600000000000004
21359.263261357944,0.528,0.40800000000000003
21359.263528451324,0.544,0.40800000000000003
21359.263795544703,0.544,0.4
21359.264062638085,0.528,0.41600000000000004
21359.264329731464,0.544,0.40800000000000003
21359.264596824843,0.528,0.41600000000000004
21359.264863918226,0.528,0.40800000000000003
21359.265131011605,0.544,0.41600000000000004
21359.265398104984,0.528,0.40800000000000003
21359.265665198367,0.536,0.41600000000000004
21359.265932291746,0.544,0.40800000000000003
21359.266199385125,0.528,0.41600000000000004
21359.266466478508,0.528,0.40800000000000003
21359.266733571887,0.544,0.41600000000000004
21359.267000665266,0.528,0.40800000000000003
21359.26726775865,0.544,0.41600000000000004
21359.267534852028,0.528,0.40800000000000003
21359.267801945407,0.544,0.41600000000000004
21359.26806903879,0.528,0.40800000000000003
21359.26833613217,0.536,0.41600000000000004
21359.268603225548,0.528,0.41600000000000004
21359.26887031893,0.544,0.40800000000000003
21359.26913741231,0.528,0.4
21359.26940450569,0.536,0.41600000000000004
21359.26967159907,0.528,0.41600000000000004
21359.26993869245,0.544,0.40800000000000003
21359.27020578583,0.528,0.41600000000000004
21359.270472879212,0.544,0.40800000000000003
21359.27073997259,0.544,0.40800000000000003
21359.27100706597,0.528,0.41600000000000004
21359.271274159353,0.528,0.41600000000000004
21359.271541252732,0.552,0.4
21359.27180834611,0.528,0.40800000000000003
21359.272075439494,0.544,0.41600000000000004
21359.272342532873,0.528,0.41600000000000004
21359.272609626252,0.544,0.40800000000000003
21359.272876719635,0.528,0.40800000000000003
21359.273143813014,0.544,0.41600000000000004
21359.273410906393,0.528,0.40800000000000003
21359.273677999776,0.544,0.41600000000000004
21359.273945093155,0.528,0.40800000000000003
21359.274212186534,0.536,0.41600000000000004
21359.274479279917,0.544,0.4
21359.274746373296,0.52,0.41600000000000004
21359.275013466675,0.52,0.41600000000000004
21359.275280560058,0.544,0.40800000000000003
21359.275547653437,0.52,0.41600000000000004
21359.275814746816,0.536,0.40800000000000003
21359.2760818402,0.536,0.41600000000000004
21359.276348933578,0.512,0.40800000000000003
21359.276616026957,0.52,0.40800000000000003
21359.27688312034,0.536,0.41600000000000004
21359.27715021372,0.528,0.40800000000000003
21359.277417307097,0.512,0.41600000000000004
21359.27768440048,0.52,0.40800000000000003
21359.27795149386,0.544,0.41600000000000004
21359.27821858724,0.544,0.41600000000000004
21359.27848568062,0.528,0.40800000000000003
21359.278752774,0.528,0.40800000000000003
21359.27901986738,0.536,0.41600000000000004
21359.279286960762,0.528,0.40800000000000003
21359.27955405414,0.536,0.41600000000000004
21359.27982114752,0.528,0.4
21359.280088240903,0.536,0.41600000000000004
21359.280355334282,0.528,0.40800000000000003
21359.28062242766,0.544,0.41600000000000004
21359.280889521044,0.528,0.40800000000000003
21359.281156614423,0.544,0.41600000000000004
21359.281423707802,0.528,0.40800000000000003
21359.281690801185,0.544,0.41600000000000004
21359.281957894564,0.528,0.41600000000000004
21359.282224987943,0.552,0.4
21359.282492081325,0.528,0.40800000000000003
21359.282759174705,0.544,0.40800000000000003
21359.283026268084,0.528,0.40800000000000003
21359.283293361466,0.544,0.4
21359.283560454845,0.528,0.4
21359.283827548225,0.544,0.41600000000000004
21359.284094641607,0.528,0.41600000000000004
21359.284361734986,0.536,0.40800000000000003
21359.284628828365,0.528,0.40800000000000003
21359.284895921748,0.544,0.41600000000000004
21359.285163015127,0.528,0.4
21359.285430108506,0.544,0.41600000000000004
21359.28569720189,0.528,0.41600000000000004
21359.285964295268,0.544,0.40800000000000003
21359.286231388647,0.528,0.41600000000000004
21359.28649848203,0.544,0.40800000000000003
21359.28676557541,0.528,0.40800000000000003
21359.287032668788,0.544,0.41600000000000004
21359.28729976217,0.528,0.41600000000000004
21359.28756685555,0.544,0.40800000000000003
21359.28783394893,0.528,0.40800000000000003
21359.28810104231,0.544,0.4
21359.28836813569,0.528,0.40800000000000003
21359.28863522907,0.544,0.392
21359.288902322452,0.544,0.392
21359.28916941583,0.528,0.41600000000000004
21359.28943650921,0.528,0.4
21359.289703602593,0.544,0.40800000000000003
21359.289970695972,0.528,0.4
21359.29023778935,0.544,0.392
21359.290504882734,0.528,0.40800000000000003
21359.290771976113,0.544,0.392
21359.291039069492,0.528,0.4
21359.291306162875,0.544,0.392
21359.291573256254,0.528,0.392
21359.291840349633,0.544,0.41600000000000004
21359.292107443016,0.528,0.41600000000000004
21359.292374536395,0.544,0.4
21359.292641629774,0.528,0.4
21359.292908723157,0.544,0.40800000000000003
21359.293175816536,0.528,0.4
21359.293442909915,0.544,0.40800000000000003
21359.293710003298,0.536,0.4
21359.293977096677,0.528,0.40800000000000003
21359.294244190056,0.544,0.40800000000000003
21359.29451128344,0.528,0.392
21359.294778376818,0.528,0.392
21359.295045470197,0.544,0.41600000000000004
21359.29531256358,0.528,0.4
21359.29557965696,0.536,0.41600000000000004
21359.295846750338,0.528,0.41600000000000004
21359.29611384372,0.536,0.4
21359.2963809371,0.528,0.40800000000000003
21359.29664803048,0.536,0.41600000000000004
21359.29691512386,0.528,0.41600000000000004
21359.29718221724,0.544,0.40800000000000003
21359.29744931062,0.528,0.40800000000000003
21359.297716404002,0.544,0.41600000000000004
21359.29798349738,0.528,0.40800000000000003
21359.29825059076,0.552,0.41600000000000004
21359.298517684143,0.528,0.41600000000000004
21359.298784777522,0.544,0.40800000000000003
21359.2990518709,0.528,0.40800000000000003
21359.299318964284,0.536,0.41600000000000004
21359.299586057663,0.528,0.40800000000000003
21359.299853151042,0.544,0.41600000000000004
21359.300120244425,0.528,0.40800000000000003
21359.300387337804,0.544,0.40800000000000003
21359.300654431183,0.544,0.40800000000000003
21359.300921524566,0.528,0.41600000000000004
21359.301188617945,0.528,0.41600000000000004
21359.301455711324,0.544,0.4
21359.301722804707,0.528,0.40800000000000003
21359.301989898086,0.536,0.41600000000000004
21359.302256991465,0.528,0.40800000000000003
21359.302524084847,0.544,0.41600000000000004
21359.302791178226,0.528,0.40800000000000003
21359.303058271606,0.544,0.41600000000000004
21359.30332536499,0.528,0.41600000000000004
21359.303592458367,0.544,0.40800000000000003
21359.303859551746,0.528,0.40800000000000003
21359.30412664513,0.544,0.41600000000000004
21359.30439373851,0.528,0.40800000000000003
21359.304660831887,0.544,0.41600000000000004
21359.30492792527,0.528,0.40800000000000003
21359.30519501865,0.544,0.41600000000000004
21359.305462112028,0.528,0.40800000000000003
21359.30572920541,0.544,0.41600000000000004
21359.30599629879,0.528,0.41600000000000004
21359.30626339217,0.544,0.40800000000000003
21359.30653048555,0.528,0.41600000000000004
21359.30679757893,0.544,0.4
21359.30706467231,0.528,0.40800000000000003
21359.307331765693,0.544,0.41600000000000004
21359.30759885907,0.528,0.40800000000000003
21359.30786595245,0.544,0.41600000000000004
21359.308133045834,0.528,0.40800000000000003
21359.308400139213,0.536,0.41600000000000004
21359.30866723259,0.528,0.40800000000000003
21359.308934325974,0.544,0.41600000000000004
21359.309201419353,0.536,0.40800000000000003
21359.309468512733,0.528,0.41600000000000004
21359.309735606115,0.528,0.40800000000000003
21359.310002699494,0.544,0.40800000000000003
21359.310269792873,0.528,0.40800000000000003
21359.310536886256,0.536,0.40800000000000003
21359.310803979635,0.528,0.40800000000000003
21359.311071073014,0.544,0.41600000000000004
21359.311338166397,0.528,0.40800000000000003
21359.311605259776,0.544,0.41600000000000004
21359.311872353155,0.544,0.4
21359.312139446538,0.528,0.41600000000000004
21359.312406539917,0.528,0.40800000000000003
21359.312673633296,0.536,0.41600000000000004
21359.31294072668,0.528,0.40800000000000003
21359.313207820058,0.544,0.41600000000000004
21359.313474913437,0.528,0.40800000000000003
21359.31374200682,0.536,0.41600000000000004
21359.3140091002,0.528,0.40800000000000003
21359.314276193578,0.552,0.41600000000000004
21359.31454328696,0.544,0.40800000000000003
21359.31481038034,0.528,0.41600000000000004
21359.31507747372,0.528,0.40800000000000003
21359.3153445671,0.544,0.40800000000000003
21359.31561166048,0.528,0.40800000000000003
21359.31587875386,0.544,0.41600000000000004
21359.316145847242,0.528,0.40800000000000003
21359.31641294062,0.536,0.41600000000000004
21359.316680034,0.528,0.40800000000000003
21359.316947127383,0.536,0.41600000000000004
21359.317214220762,0.528,0.4
21359.31748131414,0.544,0.41600000000000004
21359.317748407524,0.528,0.41600000000000004
21359.318015500903,0.544,0.40800000000000003
21359.318282594282,0.544,0.40800000000000003
21359.318549687665,0.528,0.41600000000000004
21359.318816781044,0.528,0.40800000000000003
21359.319083874423,0.544,0.41600000000000004
21359.319350967806,0.544,0.41600000000000004
21359.319618061185,0.52,0.40800000000000003
21359.319885154564,0.52,0.41600000000000004
21359.320152247947,0.536,0.392
21359.320419341326,0.536,0.392
21359.320686434705,0.512,0.328
21359.320953528088,0.528,0.32
21359.321220621467,0.52,0.176
21359.321487714846,0.536,0.168
21359.32175480823,0.512,0.056
21359.322021901608,0.512,0.056
21359.322288994987,0.536,0.008
21359.32255608837,0.528,0.016
21359.32282318175,0.544,-0.008
21359.323090275127,0.52,0.0
21359.32335736851,0.544,-0.008
21359.32362446189,0.528,0.0
21359.32389155527,0.512,-0.016
21359.32415864865,0.512,0.0
21359.32442574203,0.536,-0.008
21359.32469283541,0.512,0.0
21359.324959928792,0.536,-0.016
21359.32522702217,0.528,0.0
21359.32549411555,0.544,-0.016
21359.325761208933,0.528,-0.008
21359.326028302312,0.536,0.0
21359.32629539569,0.528,-0.016
21359.326562489074,0.544,0.0
21359.326829582453,0.528,0.0
21359.327096675832,0.544,-0.008
21359.327363769215,0.528,-0.008
21359.327630862594,0.544,0.0
21359.327897955973,0.528,-0.008
21359.328165049355,0.544,0.0
21359.328432142735,0.528,-0.008
21359.328699236114,0.544,0.0
21359.328966329496,0.528,0.0
21359.329233422875,0.544,-0.008
21359.329500516254,0.528,0.0
21359.329767609637,0.544,-0.008
21359.330034703016,0.544,-0.008
21359.330301796395,0.528,0.0
21359.330568889778,0.528,0.0
21359.330835983157,0.544,-0.008
21359.331103076536,0.528,-0.008
21359.33137016992,0.544,0.0
21359.331637263298,0.528,0.0
21359.331904356677,0.544,-0.008
21359.33217145006,0.528,0.0
21359.33243854344,0.544,-0.008
21359.332705636818,0.544,-0.008
21359.3329727302,0.528,0.0
21359.33323982358,0.528,0.0
21359.33350691696,0.544,-0.008
21359.33377401034,0.528,0.0
21359.33404110372,0.544,-0.008
21359.3343081971,0.528,0.0
21359.334575290482,0.544,-0.008
21359.33484238386,0.528,0.0
21359.33510947724,0.544,-0.008
21359.335376570623,0.528,-0.008
21359.335643664002,0.544,0.0
21359.33591075738,0.528,-0.008
21359.336177850764,0.536,0.0
21359.336444944143,0.536,0.0
21359.336712037522,0.528,-0.008
21359.336979130905,0.528,-0.008
21359.337246224284,0.544,0.0
21359.337513317663,0.528,-0.008
21359.337780411046,0.544,0.0
21359.338047504425,0.528,-0.008
21359.338314597804,0.544,0.0
21359.338581691187,0.528,-0.008
21359.338848784566,0.544,0.0
21359.339115877945,0.528,-0.008
21359.339382971328,0.544,0.0
21359.339650064707,0.528,-0.008
21359.339917158086,0.536,0.0
21359.34018425147,0.528,-0.008
21359.340451344848,0.544,0.0
21359.340718438227,0.528,0.0
21359.34098553161,0.544,-0.008
21359.34125262499,0.52,-0.008
21359.341519718368,0.536,0.0
21359.34178681175,0.536,-0.008
21359.34205390513,0.512,0.0
21359.34232099851,0.52,0.0
21359.34258809189,0.528,-0.008
21359.34285518527,0.52,0.0
21359.34312227865,0.536,-0.008
21359.343389372032,0.536,0.0
21359.34365646541,0.52,-0.008
21359.34392355879,0.52,-0.008
21359.344190652173,0.528,0.0
21359.344457745552,0.536,-0.008
21359.34472483893,0.512,0.0
21359.344991932314,0.512,0.0
21359.345259025693,0.528,-0.008
21359.345526119072,0.512,-0.008
21359.345793212455,0.528,0.0
21359.346060305834,0.512,-0.008
21359.346327399213,0.528,0.0
21359.346594492596,0.536,-0.008
21359.346861585975,0.52,0.0
21359.347128679354,0.52,0.0
21359.347395772736,0.536,-0.008
21359.347662866116,0.512,0.0
21359.347929959495,0.528,-0.008
21359.348197052877,0.536,0.0
21359.348464146256,0.52,-0.016
21359.348731239636,0.544,-0.016
21359.34899833302,0.512,0.0
21359.349265426397,0.512,0.0
21359.349532519776,0.528,-0.016
21359.34979961316,0.52,0.0
21359.35006670654,0.536,-0.008
21359.350333799917,0.536,0.0
21359.3506008933,0.512,-0.016
21359.35086798668,0.512,0.0
21359.351135080058,0.536,-0.016
21359.35140217344,0.536,0.0
21359.35166926682,0.512,-0.008
21359.3519363602,0.512,-0.008
21359.35220345358,0.528,0.0
21359.35247054696,0.512,-0.008
21359.35273764034,0.528,0.0
21359.353004733723,0.52,0.0
21359.3532718271,0.528,-0.008
21359.35353892048,0.536,-0.008
21359.353806013864,0.52,0.0
21359.354073107243,0.528,0.0
21359.35434020062,0.512,-0.008
21359.354607294004,0.52,-0.016
21359.354874387383,0.536,0.0
21359.355141480763,0.536,0.0
21359.355408574145,0.52,-0.016
21359.355675667524,0.536,0.0
21359.355942760903,0.52,-0.016
21359.356209854286,0.52,-0.008
21359.356476947665,0.536,0.0
21359.356744041044,0.52,-0.008
21359.357011134427,0.536,0.0
21359.357278227806,0.544,-0.008
21359.357545321185,0.512,0.0
21359.357812414568,0.528,0.0
21359.358079507947,0.512,-0.008
21359.358346601326,0.528,0.0
21359.35861369471,0.544,-0.008
21359.358880788088,0.528,0.0
21359.359147881467,0.544,-0.008
21359.35941497485,0.528,-0.008
21359.35968206823,0.544,0.0
21359.359949161608,0.528,-0.016
21359.36021625499,0.544,0.0
21359.36048334837,0.544,-0.008
21359.36075044175,0.528,0.0
21359.36101753513,0.544,0.0
21359.36128462851,0.528,-0.016
21359.36155172189,0.544,0.0
21359.361818815272,0.528,-0.008
21359.36208590865,0.528,-0.008
21359.36235300203,0.544,0.0
21359.362620095413,0.528,-0.008
21359.362887188792,0.544,0.0
21359.36315428217,0.528,-0.008
21359.363421375554,0.536,0.0
21359.363688468933,0.528,0.0
21359.363955562312,0.536,-0.016
21359.364222655695,0.528,-0.008
21359.364489749074,0.544,0.0
21359.364756842453,0.528,0.0
21359.365023935836,0.544,-0.016
21359.365291029215,0.528,-0.016
21359.365558122594,0.536,0.0
21359.365825215977,0.528,0.0
21359.366092309356,0.544,-0.008
21359.366359402735,0.544,0.0
21359.366626496118,0.528,-0.016
21359.366893589497,0.528,0.0
21359.367160682876,0.544,-0.008
21359.36742777626,0.528,0.0
21359.367694869637,0.552,-0.016
21359.367961963017,0.544,0.0
21359.3682290564,0.528,-0.008
21359.36849614978,0.528,-0.016
21359.368763243157,0.544,0.0
21359.36903033654,0.528,0.0
21359.36929742992,0.544,-0.016
21359.3695645233,0.544,0.0
21359.36983161668,0.528,-0.016
21359.37009871006,0.528,-0.008
21359.37036580344,0.544,0.0
21359.370632896822,0.544,-0.016
21359.3708999902,0.528,0.0
21359.37116708358,0.528,-0.016
21359.371434176963,0.536,0.0
21359.371701270342,0.528,0.0
21359.37196836372,0.544,-0.016
21359.372235457104,0.544,-0.008
21359.372502550483,0.528,0.0
21359.372769643862,0.528,0.0
21359.373036737245,0.536,-0.016
21359.373303830624,0.528,0.0
21359.373570924003,0.544,-0.016
21359.373838017385,0.528,0.0
21359.374105110765,0.544,-0.016
21359.374372204144,0.528,-0.008
21359.374639297526,0.544,0.0
21359.374906390905,0.528,0.0
21359.375173484284,0.544,-0.016
21359.375440577667,0.528,-0.008
21359.375707671046,0.544,0.0
21359.375974764425,0.528,0.0
21359.376241857808,0.544,-0.016
21359.376508951187,0.528,-0.008
21359.376776044566,0.536,0.0
21359.37704313795,0.528,0.0
21359.377310231328,0.544,-0.008
21359.377577324707,0.544,0.0
21359.37784441809,0.528,-0.016
21359.37811151147,0.528,0.0
21359.378378604848,0.552,-0.016
21359.37864569823,0.528,0.0
21359.37891279161,0.544,-0.016
21359.37917988499,0.528,-0.016
21359.37944697837,0.536,0.0
21359.37971407175,0.528,-0.016
21359.37998116513,0.544,0.0
21359.380248258512,0.528,-0.016
21359.38051535189,0.536,0.0
21359.38078244527,0.536,-0.016
21359.381049538653,0.528,0.0
21359.381316632032,0.544,0.0
21359.38158372541,0.528,-0.016
21359.381850818794,0.544,0.0
21359.382117912173,0.528,-0.016
21359.382385005552,0.528,-0.008
21359.382652098935,0.544,0.0
21359.382919192314,0.528,-0.016
21359.383186285693,0.544,0.0
21359.383453379076,0.528,0.0
21359.383720472455,0.552,-0.016
21359.383987565834,0.536,0.0
21359.384254659217,0.528,-0.008
21359.384521752596,0.528,0.0
21359.384788845975,0.544,-0.016
21359.385055939358,0.528,0.0
21359.385323032737,0.544,-0.016
21359.385590126116,0.528,0.0
21359.3858572195,0.544,-0.008
21359.386124312878,0.528,0.0
21359.386391406257,0.544,-0.016
21359.38665849964,0.528,-0.016
21359.38692559302,0.544,0.0
21359.387192686398,0.528,-0.008
21359.38745977978,0.544,0.016
21359.38772687316,0.528,0.024
21359.38799396654,0.544,0.12
21359.38826105992,0.544,0.128
21359.3885281533,0.528,0.28800000000000003
21359.38879524668,0.544,0.296
21359.389062340062,0.528,0.368
21359.38932943344,0.528,0.376
21359.38959652682,0.544,0.4
21359.389863620203,0.528,0.4
21359.390130713582,0.536,0.40800000000000003
21359.39039780696,0.528,0.40800000000000003
21359.390664900344,0.536,0.41600000000000004
21359.390931993723,0.536,0.4
21359.391199087102,0.528,0.41600000000000004
21359.391466180485,0.528,0.40800000000000003
21359.391733273864,0.544,0.41600000000000004
21359.392000367243,0.544,0.4
21359.392267460626,0.52,0.41600000000000004
21359.392534554005,0.52,0.41600000000000004
21359.392801647384,0.544,0.40800000000000003
21359.393068740766,0.52,0.40800000000000003
21359.393335834146,0.536,0.41600000000000004
21359.393602927525,0.536,0.40800000000000003
21359.393870020907,0.512,0.40800000000000003
21359.394137114286,0.512,0.40800000000000003
21359.394404207666,0.528,0.40800000000000003
21359.39467130105,0.52,0.40800000000000003
21359.394938394427,0.544,0.40800000000000003
21359.395205487806,0.528,0.40800000000000003
21359.39547258119,0.544,0.41600000000000004
21359.395739674568,0.528,0.41600000000000004
21359.396006767947,0.544,0.40800000000000003
21359.39627386133,0.528,0.41600000000000004
21359.39654095471,0.544,0.40800000000000003
21359.396808048088,0.528,0.41600000000000004
21359.39707514147,0.544,0.40800000000000003
21359.39734223485,0.528,0.40800000000000003
21359.39760932823,0.544,0.41600000000000004
21359.39787642161,0.528,0.40800000000000003
21359.39814351499,0.544,0.41600000000000004
21359.39841060837,0.528,0.40800000000000003
21359.398677701753,0.536,0.41600000000000004
21359.39894479513,0.528,0.40800000000000003
21359.39921188851,0.536,0.41600000000000004
21359.399478981893,0.528,0.40800000000000003
21359.399746075273,0.544,0.41600000000000004
21359.40001316865,0.52,0.40800000000000003
21359.400280262034,0.536,0.41600000000000004
21359.400547355413,0.52,0.40800000000000003
21359.400814448793,0.528,0.41600000000000004
21359.401081542175,0.536,0.4
21359.401348635554,0.52,0.41600000000000004
21359.401615728933,0.52,0.40800000000000003
21359.401882822316,0.536,0.41600000000000004
21359.402149915695,0.528,0.40800000000000003
21359.402417009074,0.544,0.41600000000000004
21359.402684102457,0.528,0.4
21359.402951195836,0.512,0.41600000000000004
21359.403218289215,0.512,0.40800000000000003
21359.403485382598,0.536,0.41600000000000004
21359.403752475977,0.52,0.41600000000000004
21359.404019569356,0.536,0.40800000000000003
21359.40428666274,0.512,0.40800000000000003
21359.404553756118,0.536,0.41600000000000004
21359.404820849497,0.528,0.41600000000000004
21359.40508794288,0.512,0.40800000000000003
21359.40535503626,0.512,0.40800000000000003
21359.405622129638,0.536,0.41600000000000004
21359.40588922302,0.52,0.40800000000000003
21359.4061563164,0.536,0.41600000000000004
21359.40642340978,0.536,0.41600000000000004
21359.40669050316,0.52,0.40800000000000003
21359.40695759654,0.536,0.41600000000000004
21359.40722468992,0.52,0.40800000000000003
21359.407491783302,0.536,0.40800000000000003
21359.40775887668,0.512,0.41600000000000004
21359.40802597006,0.512,0.41600000000000004
21359.408293063443,0.536,0.4
21359.408560156822,0.52,0.40800000000000003
21359.4088272502,0.544,0.41600000000000004
21359.409094343584,0.528,0.41600000000000004
21359.409361436963,0.512,0.40800000000000003
21359.409628530342,0.512,0.40800000000000003
21359.409895623725,0.528,0.41600000000000004
21359.410162717104,0.512,0.40800000000000003
21359.410429810483,0.536,0.40800000000000003
21359.410696903866,0.52,0.40800000000000003
21359.410963997245,0.536,0.41600000000000004
21359.411231090624,0.544,0.40800000000000003
21359.411498184007,0.512,0.41600000000000004
21359.411765277386,0.512,0.40800000000000003
21359.412032370765,0.536,0.41600000000000004
21359.412299464148,0.512,0.40800000000000003
21359.412566557527,0.528,0.41600000000000004
21359.412833650906,0.52,0.40800000000000003
21359.41310074429,0.536,0.41600000000000004
21359.413367837667,0.52,0.4
21359.413634931047,0.536,0.41600000000000004
21359.41390202443,0.536,0.40800000000000003
21359.41416911781,0.512,0.41600000000000004
21359.414436211187,0.544,0.40800000000000003
21359.41470330457,0.528,0.41600000000000004
21359.41497039795,0.528,0.40800000000000003
21359.41523749133,0.544,0.41600000000000004
21359.41550458471,0.528,0.41600000000000004
21359.41577167809,0.544,0.40800000000000003
21359.41603877147,0.528,0.40800000000000003
21359.416305864852,0.544,0.41600000000000004
21359.41657295823,0.544,0.40800000000000003
21359.41684005161,0.52,0.41600000000000004
21359.417107144993,0.52,0.40800000000000003
21359.417374238372,0.544,0.41600000000000004
21359.41764133175,0.544,0.40800000000000003
21359.417908425134,0.52,0.41600000000000004
21359.418175518513,0.528,0.41600000000000004
21359.41844261189,0.544,0.40800000000000003
21359.418709705275,0.528,0.4
21359.418976798654,0.544,0.41600000000000004
21359.419243892033,0.528,0.40800000000000003
21359.419510985415,0.536,0.41600000000000004
21359.419778078794,0.528,0.40800000000000003
21359.420045172174,0.536,0.41600000000000004
21359.420312265556,0.528,0.40800000000000003
21359.420579358935,0.536,0.41600000000000004
21359.420846452314,0.528,0.40800000000000003
21359.421113545697,0.544,0.40800000000000003
21359.421380639076,0.544,0.40800000000000003
21359.421647732455,0.528,0.40800000000000003
21359.421914825838,0.528,0.40800000000000003
21359.422181919217,0.536,0.40800000000000003
21359.422449012596,0.528,0.40800000000000003
21359.42271610598,0.544,0.41600000000000004
21359.422983199358,0.528,0.41600000000000004
21359.423250292737,0.544,0.40800000000000003
21359.42351738612,0.544,0.40800000000000003
21359.4237844795,0.528,0.41600000000000004
21359.424051572878,0.528,0.4
21359.42431866626,0.544,0.41600000000000004
21359.42458575964,0.544,0.40800000000000003
21359.42485285302,0.528,0.41600000000000004
21359.4251199464,0.528,0.40800000000000003
21359.42538703978,0.544,0.41600000000000004
21359.42565413316,0.528,0.40800000000000003
21359.425921226542,0.544,0.41600000000000004
21359.42618831992,0.528,0.40800000000000003
21359.4264554133,0.544,0.41600000000000004
21359.426722506683,0.528,0.40800000000000003
21359.426989600062,0.544,0.41600000000000004
21359.42725669344,0.528,0.40800000000000003
21359.427523786824,0.544,0.392
21359.427790880203,0.528,0.4
21359.428057973582,0.536,0.40800000000000003
21359.428325066965,0.528,0.40800000000000003
21359.428592160344,0.544,0.392
21359.428859253723,0.528,0.40800000000000003
21359.429126347106,0.544,0.392
21359.429393440485,0.528,0.4
21359.429660533864,0.544,0.392
21359.429927627247,0.528,0.392
21359.430194720626,0.544,0.41600000000000004
21359.430461814005,0.528,0.41600000000000004
21359.430728907388,0.544,0.4
21359.430996000767,0.528,0.40800000000000003
21359.431263094146,0.544,0.41600000000000004
21359.43153018753,0.528,0.40800000000000003
21359.431797280908,0.544,0.41600000000000004
21359.432064374287,0.528,0.40800000000000003
21359.43233146767,0.544,0.41600000000000004
21359.43259856105,0.528,0.40800000000000003
21359.432865654428,0.544,0.41600000000000004
21359.43313274781,0.528,0.40800000000000003
21359.43339984119,0.536,0.41600000000000004
21359.43366693457,0.528,0.40800000000000003
21359.43393402795,0.544,0.41600000000000004
21359.43420112133,0.528,0.41600000000000004
21359.43446821471,0.544,0.4
21359.434735308092,0.528,0.4
21359.43500240147,0.544,0.41600000000000004
21359.43526949485,0.528,0.40800000000000003
21359.435536588233,0.544,0.41600000000000004
21359.435803681612,0.528,0.40800000000000003
21359.43607077499,0.536,0.41600000000000004
21359.436337868374,0.528,0.40800000000000003
21359.436604961753,0.544,0.41600000000000004
21359.436872055132,0.528,0.40800000000000003
21359.437139148515,0.544,0.41600000000000004
21359.437406241894,0.536,0.40800000000000003
21359.437673335273,0.528,0.40800000000000003
21359.437940428656,0.528,0.40800000000000003
21359.438207522035,0.552,0.41600000000000004
21359.438474615414,0.528,0.40800000000000003
21359.438741708796,0.544,0.41600000000000004
21359.439008802176,0.528,0.40800000000000003
21359.439275895555,0.544,0.41600000000000004
21359.439542988937,0.528,0.41600000000000004
21359.439810082316,0.544,0.40800000000000003
21359.440077175695,0.528,0.41600000000000004
21359.44034426908,0.544,0.4
21359.440611362457,0.528,0.40800000000000003
21359.440878455836,0.536,0.41600000000000004
21359.44114554922,0.528,0.40800000000000003
21359.441412642598,0.544,0.41600000000000004
21359.441679735977,0.528,0.40800000000000003
21359.44194682936,0.544,0.41600000000000004
21359.44221392274,0.528,0.40800000000000003
21359.442481016118,0.544,0.40800000000000003
21359.4427481095,0.544,0.40800000000000003
21359.44301520288,0.528,0.41600000000000004
21359.44328229626,0.528,0.41600000000000004
21359.44354938964,0.544,0.40800000000000003
21359.44381648302,0.528,0.41600000000000004
21359.4440835764,0.544,0.4
21359.444350669783,0.528,0.40800000000000003
21359.44461776316,0.544,0.41600000000000004
21359.44488485654,0.544,0.4
21359.445151949923,0.528,0.41600000000000004
21359.445419043303,0.544,0.4
21359.44568613668,0.528,0.41600000000000004
21359.445953230064,0.544,0.41600000000000004
21359.446220323443,0.528,0.4
21359.446487416822,0.528,0.41600000000000004
21359.446754510205,0.536,0.40800000000000003
21359.447021603584,0.528,0.41600000000000004
21359.447288696963,0.536,0.4
21359.447555790346,0.528,0.40800000000000003
21359.447822883725,0.536,0.41600000000000004
21359.448089977104,0.528,0.41600000000000004
21359.448357070487,0.544,0.40800000000000003
21359.448624163866,0.528,0.40800000000000003
21359.448891257245,0.544,0.40800000000000003
21359.449158350628,0.528,0.40800000000000003
21359.449425444007,0.544,0.40800000000000003
21359.449692537386,0.528,0.40800000000000003
21359.44995963077,0.544,0.41600000000000004
21359.450226724148,0.544,0.41600000000000004
21359.450493817527,0.528,0.40800000000000003
21359.45076091091,0.544,0.4
21359.45102800429,0.528,0.41600000000000004
21359.451295097668,0.528,0.41600000000000004
21359.45156219105,0.544,0.40800000000000003
21359.45182928443,0.528,0.40800000000000003
21359.45209637781,0.544,0.41600000000000004
21359.45236347119,0.528,0.40800000000000003
21359.45263056457,0.536,0.41600000000000004
21359.45289765795,0.528,0.40800000000000003
21359.453164751332,0.544,0.41600000000000004
21359.45343184471,0.528,0.41600000000000004
21359.45369893809,0.544,0.392
21359.453966031473,0.528,0.392
21359.454233124852,0.544,0.328
21359.45450021823,0.528,0.328
21359.454767311614,0.544,0.184
21359.455034404993,0.528,0.176
21359.455301498372,0.536,0.064
21359.455568591755,0.528,0.056
21359.455835685134,0.536,0.008
21359.456102778513,0.544,0.016
21359.456369871896,0.528,-0.008
21359.456636965275,0.528,-0.008
21359.456904058654,0.544,0.0
21359.457171152037,0.528,-0.008
21359.457438245416,0.536,0.0
21359.457705338795,0.528,-0.008
21359.457972432177,0.544,0.0
21359.458239525557,0.528,-0.008
21359.458506618936,0.544,0.0
21359.45877371232,0.528,0.0
21359.459040805697,0.544,-0.008
21359.459307899077,0.528,0.0
21359.45957499246,0.544,-0.008
21359.45984208584,0.528,0.0
21359.460109179217,0.544,-0.008
21359.4603762726,0.528,0.0
21359.46064336598,0.536,-0.008
21359.46091045936,0.528,-0.008
21359.46117755274,0.544,0.0
21359.46144464612,0.536,-0.008
21359.4617117395,0.52,0.0
21359.461978832882,0.52,-0.008
21359.46224592626,0.536,0.0
21359.46251301964,0.536,-0.008
21359.462780113023,0.52,0.0
21359.463047206402,0.536,0.0
21359.46331429978,0.52,-0.008
21359.463581393164,0.52,0.0
21359.463848486543,0.536,-0.008
21359.46411557992,0.52,-0.008
21359.464382673304,0.536,0.0
21359.464649766684,0.536,-0.008
21359.464916860063,0.52,0.0
21359.465183953445,0.52,-0.016
21359.465451046824,0.536,0.0
21359.465718140204,0.52,0.0
21359.465985233586,0.536,-0.008
21359.466252326965,0.52,0.0
21359.466519420344,0.544,-0.008
21359.466786513727,0.544,-0.008
21359.467053607106,0.512,0.0
21359.467320700485,0.512,-0.008
21359.467587793868,0.536,0.0
21359.467854887247,0.544,-0.008
21359.468121980626,0.528,0.0
21359.46838907401,0.528,0.0
21359.468656167388,0.544,-0.008
21359.468923260767,0.528,0.0
21359.46919035415,0.544,-0.008
21359.46945744753,0.528,0.0
21359.469724540908,0.544,-0.008
21359.46999163429,0.528,0.0
21359.47025872767,0.544,-0.008
21359.47052582105,0.544,0.0
21359.47079291443,0.528,-0.008
21359.47106000781,0.544,-0.008
21359.47132710119,0.528,0.0
21359.471594194572,0.528,-0.008
21359.47186128795,0.544,0.0
21359.47212838133,0.528,0.0
21359.472395474713,0.544,-0.008
21359.472662568092,0.528,0.0
21359.47292966147,0.544,-0.008
21359.473196754854,0.528,-0.008
21359.473463848233,0.544,0.0
21359.473730941612,0.528,-0.008
21359.473998034995,0.544,0.0
21359.474265128374,0.528,0.0
21359.474532221753,0.544,-0.008
21359.474799315136,0.536,0.0
21359.475066408515,0.528,-0.008
21359.475333501894,0.528,0.0
21359.475600595277,0.544,-0.008
21359.475867688656,0.544,0.0
21359.476134782035,0.528,-0.008
21359.476401875418,0.528,0.0
21359.476668968797,0.536,-0.008
21359.476936062176,0.528,0.0
21359.47720315556,0.544,-0.008
21359.477470248938,0.528,-0.016
21359.477737342317,0.552,0.0
21359.4780044357,0.528,-0.008
21359.47827152908,0.544,0.0
21359.478538622458,0.528,-0.008
21359.47880571584,0.536,0.0
21359.47907280922,0.544,0.0
21359.4793399026,0.528,-0.008
21359.47960699598,0.528,-0.016
21359.47987408936,0.544,0.0
21359.48014118274,0.528,-0.008
21359.480408276122,0.544,0.0
21359.4806753695,0.528,-0.008
21359.48094246288,0.544,0.0
21359.481209556263,0.528,0.0
21359.481476649642,0.544,-0.016
21359.48174374302,0.528,0.0
21359.482010836404,0.544,-0.008
21359.482277929783,0.528,0.0
21359.482545023162,0.544,-0.008
21359.482812116545,0.528,-0.008
21359.483079209924,0.536,0.0
21359.483346303303,0.528,-0.008
21359.483613396686,0.544,0.0
21359.483880490065,0.544,0.0
21359.484147583444,0.528,-0.016
21359.484414676826,0.528,0.0
21359.484681770205,0.544,-0.016
21359.484948863585,0.528,0.0
21359.485215956967,0.544,-0.016
21359.485483050346,0.528,-0.008
21359.485750143725,0.544,0.0
21359.486017237108,0.544,-0.016
21359.486284330487,0.52,0.0
21359.486551423866,0.52,0.0
21359.48681851725,0.544,-0.016
21359.487085610628,0.536,-0.008
21359.487352704007,0.52,0.0
21359.48761979739,0.52,-0.008
21359.48788689077,0.536,0.0
21359.488153984148,0.52,-0.016
21359.48842107753,0.528,0.0
21359.48868817091,0.544,-0.008
21359.48895526429,0.512,0.0
21359.48922235767,0.512,-0.016
21359.48948945105,0.536,0.0
21359.48975654443,0.52,0.0
21359.490023637813,0.536,-0.008
21359.49029073119,0.544,0.0
21359.49055782457,0.512,-0.008
21359.490824917953,0.52,0.0
21359.491092011333,0.544,-0.016
21359.49135910471,0.52,-0.008
21359.491626198094,0.536,0.0
21359.491893291473,0.536,0.0
21359.492160384852,0.52,-0.008
21359.492427478235,0.52,0.0
21359.492694571614,0.536,-0.016
21359.492961664993,0.528,-0.016
21359.493228758376,0.512,0.0
21359.493495851755,0.512,-0.016
21359.493762945134,0.528,0.0
21359.494030038517,0.52,-0.016
21359.494297131896,0.536,0.0
21359.494564225275,0.52,0.0
21359.494831318658,0.536,-0.008
21359.495098412037,0.544,0.0
21359.495365505416,0.512,-0.016
21359.4956325988,0.52,0.0
21359.495899692178,0.544,-0.016
21359.496166785557,0.528,-0.008
21359.49643387894,0.544,0.0
21359.49670097232,0.528,0.0
21359.496968065698,0.544,-0.008
21359.49723515908,0.528,-0.008
21359.49750225246,0.544,0.0
21359.49776934584,0.544,-0.008
21359.49803643922,0.528,0.0
21359.4983035326,0.528,0.0
21359.49857062598,0.544,-0.016
21359.498837719362,0.544,-0.016
21359.49910481274,0.52,0.0
21359.49937190612,0.52,-0.016
21359.499638999503,0.536,0.0
21359.499906092882,0.544,0.0
21359.50017318626,0.52,-0.016
21359.500440279644,0.52,-0.016
21359.500707373023,0.544,0.0
21359.500974466402,0.528,0.0
21359.501241559785,0.544,-0.008
21359.501508653164,0.536,-0.008
21359.501775746543,0.528,0.0
21359.502042839926,0.528,-0.016
21359.502309933305,0.536,0.0
21359.502577026684,0.528,0.0
21359.502844120067,0.544,-0.016
21359.503111213446,0.528,0.0
21359.503378306825,0.544,-0.008
21359.503645400207,0.528,0.0
21359.503912493587,0.544,-0.008
21359.504179586966,0.528,0.0
21359.50444668035,0.544,-0.016
21359.504713773727,0.52,-0.016
21359.504980867106,0.544,0.0
21359.50524796049,0.528,-0.008
21359.50551505387,0.544,0.0
21359.505782147247,0.528,-0.008
21359.50604924063,0.512,0.0
21359.50631633401,0.52,0.0
21359.50658342739,0.536,-0.016
21359.50685052077,0.536,-0.008
21359.50711761415,0.52,0.0
21359.50738470753,0.528,-0.008
21359.507651800912,0.544,0.0
21359.50791889429,0.544,-0.016
21359.50818598767,0.528,0.0
21359.508453081053,0.536,-0.008
21359.50872017443,0.52,0.0
21359.50898726781,0.528,0.0
21359.509254361194,0.512,-0.008
21359.509521454573,0.512,-0.008
21359.50978854795,0.536,0.0
21359.510055641334,0.52,0.0
21359.510322734714,0.544,-0.016
21359.510589828093,0.52,0.0
21359.510856921475,0.536,-0.016
21359.511124014854,0.52,0.0
21359.511391108234,0.536,-0.008
21359.511658201616,0.52,-0.008
21359.511925294995,0.536,0.0
21359.512192388374,0.52,-0.008
21359.512459481757,0.536,0.0
21359.512726575136,0.512,0.0
21359.512993668515,0.536,-0.008
21359.513260761898,0.528,0.0
21359.513527855277,0.544,-0.016
21359.513794948656,0.528,-0.016
21359.51406204204,0.544,0.0
21359.514329135418,0.528,0.0
21359.514596228797,0.544,-0.016
21359.51486332218,0.528,0.0
21359.51513041556,0.544,-0.016
21359.515397508938,0.528,-0.016
21359.51566460232,0.544,0.0
21359.5159316957,0.528,0.0
21359.51619878908,0.544,-0.008
21359.51646588246,0.528,-0.016
21359.51673297584,0.544,0.0
21359.51700006922,0.544,0.0
21359.517267162602,0.528,-0.008
21359.51753425598,0.528,0.0
21359.51780134936,0.544,-0.016
21359.518068442743,0.544,0.0
21359.518335536122,0.528,-0.016
21359.5186026295,0.528,-0.016
21359.518869722884,0.544,0.0
21359.519136816263,0.528,-0.016
21359.519403909642,0.544,0.0
21359.519671003025,0.528,0.0
21359.519938096404,0.544,-0.016
21359.520205189783,0.528,-0.016
21359.520472283166,0.536,0.0
21359.520739376545,0.536,-0.008
21359.521006469924,0.528,0.024
21359.521273563307,0.528,0.024
21359.521540656686,0.536,0.12
21359.521807750065,0.528,0.128
21359.522074843448,0.544,0.28800000000000003
21359.522341936827,0.528,0.296
21359.522609030206,0.544,0.368
21359.52287612359,0.544,0.376
21359.523143216968,0.528,0.4
21359.523410310347,0.544,0.392
21359.52367740373,0.52,0.4
21359.52394449711,0.52,0.384
21359.524211590488,0.544,0.4
21359.52447868387,0.52,0.4
21359.52474577725,0.536,0.41600000000000004
21359.52501287063,0.528,0.41600000000000004
21359.52527996401,0.512,0.4
21359.52554705739,0.512,0.4
21359.52581415077,0.536,0.41600000000000004
21359.526081244152,0.52,0.40800000000000003
21359.52634833753,0.528,0.40800000000000003
21359.52661543091,0.52,0.40800000000000003
21359.526882524293,0.536,0.41600000000000004
21359.527149617672,0.536,0.40800000000000003
21359.52741671105,0.52,0.41600000000000004
21359.527683804434,0.536,0.40800000000000003
21359.527950897813,0.52,0.41600000000000004
21359.528217991192,0.52,0.41600000000000004
21359.528485084575,0.544,0.40800000000000003
21359.528752177954,0.536,0.40800000000000003
21359.529019271333,0.52,0.41600000000000004
21359.529286364716,0.528,0.40800000000000003
21359.529553458095,0.544,0.41600000000000004
21359.529820551474,0.528,0.40800000000000003
21359.530087644856,0.544,0.41600000000000004
21359.530354738235,0.528,0.41600000000000004
21359.530621831615,0.536,0.40800000000000003
21359.530888924997,0.528,0.4
21359.531156018376,0.536,0.41600000000000004
21359.531423111755,0.528,0.41600000000000004
21359.531690205138,0.536,0.40800000000000003
21359.531957298517,0.528,0.40800000000000003
21359.532224391896,0.544,0.41600000000000004
21359.53249148528,0.528,0.40800000000000003
21359.532758578658,0.544,0.40800000000000003
21359.533025672037,0.528,0.40800000000000003
21359.53329276542,0.536,0.40800000000000003
21359.5335598588,0.528,0.40800000000000003
21359.533826952178,0.544,0.41600000000000004
21359.53409404556,0.528,0.41600000000000004
21359.53436113894,0.544,0.40800000000000003
21359.53462823232,0.528,0.40800000000000003
21359.5348953257,0.544,0.41600000000000004
21359.53516241908,0.528,0.40800000000000003
21359.53542951246,0.536,0.41600000000000004
21359.535696605843,0.528,0.41600000000000004
21359.53596369922,0.544,0.40800000000000003
21359.5362307926,0.528,0.41600000000000004
21359.536497885983,0.536,0.4
21359.536764979362,0.528,0.40800000000000003
21359.53703207274,0.544,0.41600000000000004
21359.537299166124,0.528,0.41600000000000004
21359.537566259503,0.544,0.40800000000000003
21359.537833352882,0.528,0.40800000000000003
21359.538100446265,0.544,0.40800000000000003
21359.538367539644,0.528,0.40800000000000003
21359.538634633023,0.552,0.41600000000000004
21359.538901726406,0.536,0.40800000000000003
21359.539168819785,0.528,0.41600000000000004
21359.539435913164,0.528,0.40800000000000003
21359.539703006547,0.536,0.41600000000000004
21359.539970099926,0.528,0.40800000000000003
21359.540237193305,0.544,0.41600000000000004
21359.540504286688,0.528,0.40800000000000003
21359.540771380067,0.544,0.40800000000000003
21359.541038473446,0.536,0.41600000000000004
21359.54130556683,0.52,0.4
21359.541572660208,0.52,0.41600000000000004
21359.541839753587,0.536,0.4
21359.54210684697,0.528,0.40800000000000003
21359.54237394035,0.512,0.41600000000000004
21359.542641033728,0.52,0.40800000000000003
21359.54290812711,0.536,0.41600000000000004
21359.54317522049,0.52,0.40800000000000003
21359.54344231387,0.544,0.41600000000000004
21359.54370940725,0.536,0.40800000000000003
21359.54397650063,0.512,0.41600000000000004
21359.54424359401,0.528,0.41600000000000004
21359.544510687392,0.544,0.40800000000000003
21359.54477778077,0.528,0.41600000000000004
21359.54504487415,0.536,0.4
21359.545311967533,0.528,0.40800000000000003
21359.545579060912,0.544,0.41600000000000004
21359.54584615429,0.528,0.41600000000000004
21359.546113247674,0.544,0.4
21359.546380341053,0.528,0.4
21359.546647434432,0.544,0.41600000000000004
21359.546914527815,0.544,0.41600000000000004
21359.547181621194,0.528,0.4
21359.547448714573,0.528,0.40800000000000003
21359.547715807956,0.544,0.41600000000000004
21359.547982901335,0.528,0.41600000000000004
21359.548249994714,0.536,0.40800000000000003
21359.548517088097,0.528,0.41600000000000004
21359.548784181476,0.536,0.40800000000000003
21359.549051274855,0.528,0.40800000000000003
21359.549318368237,0.544,0.41600000000000004
21359.549585461617,0.528,0.40800000000000003
21359.549852554996,0.544,0.41600000000000004
21359.55011964838,0.544,0.40800000000000003
21359.550386741757,0.528,0.40800000000000003
21359.550653835136,0.528,0.40800000000000003
21359.55092092852,0.544,0.41600000000000004
21359.5511880219,0.528,0.40800000000000003
21359.551455115277,0.544,0.41600000000000004
21359.55172220866,0.528,0.41600000000000004
21359.55198930204,0.544,0.4
21359.55225639542,0.528,0.41600000000000004
21359.5525234888,0.544,0.4
21359.55279058218,0.528,0.40800000000000003
21359.55305767556,0.544,0.41600000000000004
21359.553324768942,0.544,0.41600000000000004
21359.55359186232,0.528,0.40800000000000003
21359.5538589557,0.528,0.40800000000000003
21359.554126049083,0.544,0.41600000000000004
21359.55439314246,0.528,0.4
21359.55466023584,0.544,0.41600000000000004
21359.554927329224,0.528,0.40800000000000003
21359.555194422603,0.544,0.41600000000000004
21359.55546151598,0.544,0.40800000000000003
21359.555728609364,0.528,0.41600000000000004
21359.555995702744,0.528,0.41600000000000004
21359.556262796123,0.544,0.40800000000000003
21359.556529889505,0.528,0.41600000000000004
21359.556796982884,0.544,0.40800000000000003
21359.557064076263,0.528,0.40800000000000003
21359.557331169646,0.544,0.41600000000000004
21359.557598263025,0.544,0.4
21359.557865356404,0.528,0.41600000000000004
21359.558132449787,0.528,0.41600000000000004
21359.558399543166,0.536,0.40800000000000003
21359.558666636545,0.528,0.40800000000000003
21359.558933729928,0.536,0.41600000000000004
21359.559200823307,0.528,0.40800000000000003
21359.559467916686,0.536,0.41600000000000004
21359.55973501007,0.528,0.40800000000000003
21359.560002103448,0.544,0.40800000000000003
21359.560269196827,0.528,0.40800000000000003
21359.56053629021,0.544,0.40800000000000003
21359.56080338359,0.528,0.40800000000000003
21359.561070476968,0.544,0.41600000000000004
21359.56133757035,0.528,0.40800000000000003
21359.56160466373,0.544,0.41600000000000004
21359.56187175711,0.528,0.40800000000000003
21359.56213885049,0.544,0.41600000000000004
21359.56240594387,0.528,0.40800000000000003
21359.56267303725,0.536,0.41600000000000004
21359.562940130632,0.528,0.4
21359.56320722401,0.544,0.41600000000000004
21359.56347431739,0.528,0.40800000000000003
21359.563741410773,0.536,0.41600000000000004
21359.564008504152,0.528,0.40800000000000003
21359.56427559753,0.544,0.4
21359.564542690914,0.528,0.41600000000000004
21359.564809784293,0.544,0.4
21359.565076877672,0.528,0.40800000000000003
21359.565343971055,0.552,0.40800000000000003
21359.565611064434,0.528,0.40800000000000003
21359.565878157813,0.544,0.41600000000000004
21359.566145251196,0.528,0.40800000000000003
21359.566412344575,0.544,0.41600000000000004
21359.566679437954,0.528,0.40800000000000003
21359.566946531337,0.536,0.41600000000000004
21359.567213624716,0.528,0.40800000000000003
21359.567480718095,0.544,0.41600000000000004
21359.567747811478,0.528,0.40800000000000003
21359.568014904857,0.544,0.41600000000000004
21359.568281998236,0.528,0.4
21359.56854909162,0.544,0.41600000000000004
21359.57381606102,0.528,-0.016
21359.574061896205,0.544,0.0
21359.57430773139,0.528,-0.016
21359.574553566574,0.544,0.0
21359.57479940176,0.528,-0.008
21359.575045236947,0.544,-0.016
21359.57529107213,0.544,-0.016
21359.575536907316,0.528,0.0
21359.5757827425,0.544,-0.016
21359.576028577685,0.528,-0.008
21359.57627441287,0.528,-0.008
21359.576520248054,0.544,-0.016
21359.57676608324,0.528,-0.016
21359.577011918427,0.536,-0.008
21359.57725775361,0.528,-0.008
21359.577503588796,0.536,-0.016
21359.57774942398,0.536,-0.016
21359.577995259166,0.528,0.0
21359.57824109435,0.528,-0.016
21359.578486929535,0.544,0.0
21359.57873276472,0.528,-0.008
21359.578978599908,0.544,0.024
21359.579224435092,0.528,0.024
21359.579470270277,0.544,0.136
21359.57971610546,0.528,0.14400000000000002
21359.579961940646,0.544,0.28800000000000003
21359.58020777583,0.528,0.28800000000000003
21359.580453611015,0.544,0.352
21359.5806994462,0.528,0.352
21359.580945281385,0.544,0.368
21359.581191116573,0.528,0.368
21359.581436951757,0.544,0.392
21359.581682786942,0.544,0.376
21359.581928622127,0.528,0.384
21359.58217445731,0.528,0.376
21359.582420292496,0.544,0.368
21359.58266612768,0.528,0.368
21359.582911962865,0.544,0.384
21359.583157798053,0.544,0.384
21359.583403633238,0.528,0.392
21359.583649468423,0.528,0.384
21359.583895303607,0.544,0.384
21359.584141138792,0.528,0.384
21359.584386973977,0.544,0.384
21359.58463280916,0.536,0.384
21359.584878644346,0.528,0.392
21359.585124479534,0.528,0.392
21359.58537031472,0.544,0.376
21359.585616149903,0.528,0.376
21359.585861985088,0.552,0.376
21359.586107820272,0.528,0.376
21359.586353655457,0.544,0.392
21359.58659949064,0.528,0.392
21359.586845325826,0.544,0.376
21359.58709116101,0.544,0.376
21359.5873369962,0.528,0.384
21359.587582831384,0.528,0.376
21359.58782866657,0.544,0.376
21359.588074501753,0.544,0.376
21359.588320336938,0.528,0.384
21359.588566172122,0.528,0.376
21359.588812007307,0.544,0.368
21359.58905784249,0.528,0.376
21359.58930367768,0.544,0.384
21359.589549512864,0.528,0.376
21359.58979534805,0.536,0.368
21359.590041183234,0.528,0.376
21359.590287018418,0.544,0.384
21359.590532853603,0.544,0.384
21359.590778688787,0.528,0.376
21359.591024523972,0.528,0.376
21359.59127035916,0.544,0.368
21359.591516194345,0.544,0.376
21359.59176202953,0.528,0.384
21359.592007864714,0.536,0.376
21359.5922536999,0.528,0.392
21359.592499535083,0.528,0.384
21359.592745370268,0.536,0.4
21359.592991205453,0.536,0.384
21359.593237040637,0.528,0.4
21359.593482875825,0.528,0.392
21359.59372871101,0.544,0.376
21359.593974546195,0.544,0.376
21359.59422038138,0.528,0.392
21359.594466216564,0.528,0.376
21359.59471205175,0.544,0.376
21359.594957886933,0.528,0.368
21359.595203722118,0.544,0.392
21359.595449557306,0.536,0.392
21359.59569539249,0.528,0.384
21359.595941227675,0.528,0.384
21359.59618706286,0.544,0.376
21359.596432898044,0.528,0.376
21359.59667873323,0.536,0.384
21359.596924568414,0.528,0.384
21359.5971704036,0.544,0.376
21359.597416238787,0.528,0.384
21359.59766207397,0.544,0.376
21359.597907909156,0.528,0.376
21359.59815374434,0.544,0.384
21359.598399579525,0.544,0.384
21359.59864541471,0.528,0.384
21359.598891249894,0.528,0.376
21359.59913708508,0.544,0.392
21359.599382920263,0.528,0.376
21359.59962875545,0.544,0.392
21359.599874590636,0.528,0.376
21359.60012042582,0.544,0.368
21359.600366261006,0.544,0.376
21359.60061209619,0.528,0.384
21359.600857931375,0.528,0.384
21359.60110376656,0.544,0.392
21359.601349601744,0.544,0.392
21359.601595436932,0.528,0.376
21359.601841272117,0.528,0.384
21359.6020871073,0.536,0.368
21359.602332942486,0.528,0.368
21359.60257877767,0.536,0.384
21359.602824612855,0.536,0.384
21359.60307044804,0.528,0.376
21359.603316283225,0.528,0.384
21359.603562118413,0.544,0.368
21359.603807953597,0.528,0.376
21359.604053788782,0.544,0.384
21359.604299623967,0.528,0.376
21359.60454545915,0.536,0.384
21359.604791294336,0.528,0.384
21359.60503712952,0.544,0.4
21359.605282964705,0.544,0.384
21359.60552879989,0.528,0.392
21359.605774635078,0.528,0.384
21359.606020470263,0.544,0.392
21359.606266305447,0.528,0.384
21359.606512140632,0.544,0.392
21359.606757975816,0.544,0.384
21359.607003811,0.528,0.392
21359.607249646186,0.528,0.384
21359.60749548137,0.536,0.384
21359.60774131656,0.544,0.384
21359.607987151743,0.528,0.384
21359.608232986928,0.528,0.384
21359.608478822112,0.544,0.392
21359.608724657297,0.528,0.384
21359.60897049248,0.544,0.392
21359.609216327666,0.528,0.384
21359.60946216285,0.544,0.384
21359.60970799804,0.536,0.384
21359.609953833224,0.528,0.392
21359.61019966841,0.528,0.384
21359.610445503593,0.544,0.392
21359.610691338778,0.528,0.384
21359.610937173962,0.544,0.392
21359.611183009147,0.528,0.384
21359.61142884433,0.544,0.392
21359.611674679516,0.528,0.384
21359.611920514704,0.544,0.4
21359.61216634989,0.528,0.384
21359.612412185073,0.544,0.384
21359.612658020258,0.528,0.384
21359.612903855443,0.544,0.392
21359.613149690627,0.528,0.384
21359.613395525812,0.544,0.392
21359.613641360997,0.528,0.384
21359.613887196185,0.544,0.392
21359.61413303137,0.528,0.384
21359.614378866554,0.544,0.392
21359.61462470174,0.544,0.384
21359.614870536923,0.528,0.384
21359.615116372108,0.528,0.384
21359.615362207292,0.544,0.392
21359.615608042477,0.544,0.384
21359.615853877665,0.528,0.392
21359.61609971285,0.528,0.392
21359.616345548035,0.544,0.384
21359.61659138322,0.544,0.384
21359.616837218404,0.528,0.392
21359.61708305359,0.544,0.384
21359.617328888773,0.528,0.392
21359.617574723958,0.528,0.384
21359.617820559142,0.544,0.4
21359.61806639433,0.536,0.4
21359.618312229515,0.528,0.384
21359.6185580647,0.528,0.384
21359.618803899884,0.536,0.392
21359.61904973507,0.528,0.384
21359.619295570254,0.544,0.392
21359.61954140544,0.528,0.392
21359.619787240623,0.544,0.384
21359.62003307581,0.544,0.384
21359.620278910996,0.52,0.384
21359.62052474618,0.544,0.392
21359.620770581365,0.528,0.384
21359.62101641655,0.528,0.384
21359.621262251734,0.544,0.392
21359.62150808692,0.544,0.384
21359.621753922103,0.528,0.392
21359.62199975729,0.528,0.384
21359.622245592476,0.544,0.392
21359.62249142766,0.528,0.384
21359.622737262845,0.544,0.392
21359.62298309803,0.528,0.384
21359.623228933215,0.544,0.384
21359.6234747684,0.528,0.384
21359.623720603584,0.536,0.384
21359.62396643877,0.528,0.384
21359.624212273957,0.544,0.392
21359.62445810914,0.544,0.384
21359.624703944326,0.528,0.392
21359.62494977951,0.528,0.384
21359.625195614695,0.544,0.392
21359.62544144988,0.528,0.384
21359.625687285064,0.544,0.392
21359.62593312025,0.528,0.384
21359.626178955437,0.544,0.384
21359.626424790622,0.528,0.384
21359.626670625807,0.544,0.392
21359.62691646099,0.528,0.384
21359.627162296176,0.544,0.392
21359.62740813136,0.544,0.384
21359.627653966545,0.528,0.392
21359.62789980173,0.544,0.384
21359.628145636918,0.528,0.392
21359.628391472103,0.528,0.384
21359.628637307287,0.544,0.4
21359.62888314247,0.528,0.392
21359.629128977656,0.536,0.384
21359.62937481284,0.536,0.384
21359.629620648026,0.528,0.392
21359.62986648321,0.528,0.384
21359.630112318395,0.544,0.392
21359.630358153583,0.528,0.384
21359.630603988768,0.544,0.392
21359.630849823952,0.528,0.384
21359.631095659137,0.544,0.392
21359.63134149432,0.528,0.384
21359.631587329506,0.544,0.392
21359.63183316469,0.528,0.384
21359.632078999875,0.544,0.384
21359.632324835064,0.544,0.384
21359.63257067025,0.528,0.392
21359.632816505433,0.528,0.384
21359.633062340617,0.544,0.392
21359.633308175802,0.528,0.384
21359.633554010987,0.544,0.392
21359.63379984617,0.528,0.384
21359.634045681356,0.544,0.392
21359.634291516544,0.528,0.384
21359.63453735173,0.544,0.384
21359.634783186913,0.528,0.384
21359.635029022098,0.552,0.392
21359.635274857283,0.544,0.384
21359.635520692467,0.528,0.392
21359.635766527652,0.528,0.384
21359.636012362836,0.544,0.392
21359.63625819802,0.528,0.384
21359.63650403321,0.544,0.384
21359.636749868394,0.528,0.384
21359.63699570358,0.536,0.392
21359.637241538763,0.536,0.384
21359.637487373948,0.528,0.384
21359.637733209132,0.528,0.384
21359.637979044317,0.544,0.392
21359.6382248795,0.528,0.384
21359.63847071469,0.544,0.392
21359.638716549875,0.536,0.384
21359.63896238506,0.528,0.392
21359.639208220244,0.528,0.384
21359.63945405543,0.536,0.392
21359.639699890613,0.528,0.384
21359.639945725798,0.544,0.368
21359.640191560982,0.528,0.36
21359.64043739617,0.544,0.296
21359.640683231355,0.528,0.28800000000000003
21359.64092906654,0.544,0.14400000000000002
21359.641174901724,0.544,0.14400000000000002
21359.64142073691,0.528,0.048
21359.641666572094,0.544,0.048
21359.641912407278,0.528,0.0
21359.642158242463,0.528,0.008
21359.642404077647,0.544,-0.008
21359.642649912836,0.544,-0.008
21359.64289574802,0.52,0.0
21359.643141583205,0.544,0.0
21359.64338741839,0.512,-0.008
21359.643633253574,0.512,-0.016
21359.64387908876,0.536,0.0
21359.644124923943,0.52,-0.016
21359.644370759128,0.536,0.0
21359.644616594316,0.52,0.0
21359.6448624295,0.536,-0.016
21359.645108264685,0.536,0.0
21359.64535409987,0.528,-0.016
21359.645599935055,0.528,0.0
21359.64584577024,0.544,-0.016
21359.646091605424,0.528,-0.016
21359.64633744061,0.544,0.0
21359.646583275797,0.528,0.0
21359.64682911098,0.544,-0.016
21359.647074946166,0.528,0.0
21359.64732078135,0.544,-0.016
21359.647566616535,0.536,-0.016
21359.64781245172,0.528,0.0
21359.648058286904,0.528,0.0
21359.64830412209,0.544,-0.016
21359.648549957274,0.536,-0.016
21359.648795792462,0.52,0.0
21359.649041627647,0.544,-0.016
21359.64928746283,0.52,0.0
21359.649533298016,0.512,0.0
21359.6497791332,0.528,-0.016
21359.650024968385,0.52,0.0
21359.65027080357,0.512,-0.016
21359.650516638754,0.52,0.0
21359.650762473942,0.544,-0.016
21359.651008309127,0.536,-0.016
21359.65125414431,0.512,0.0
21359.651499979496,0.512,0.0
21359.65174581468,0.536,-0.016
21359.651991649866,0.52,0.0
21359.65223748505,0.536,-0.016
21359.652483320235,0.536,0.0
21359.652729155423,0.52,-0.016
21359.652974990608,0.52,0.0
21359.653220825792,0.536,-0.016
21359.653466660977,0.52,-0.016
21359.65371249616,0.536,0.0
21359.653958331346,0.536,-0.016
21359.65420416653,0.52,0.0
21359.654450001715,0.52,-0.016
21359.6546958369,0.536,0.0
21359.654941672088,0.52,-0.016
21359.655187507273,0.536,0.0
21359.655433342457,0.52,-0.016
21359.655679177642,0.536,0.0
21359.655925012827,0.528,-0.016
21359.65617084801,0.544,0.0
21359.656416683196,0.528,-0.016
21359.65666251838,0.512,0.0
21359.65690835357,0.512,-0.016
21359.657154188753,0.528,0.0
21359.657400023938,0.52,-0.008
21359.657645859123,0.544,-0.016
21359.657891694307,0.544,-0.016
21359.65813752949,0.52,-0.008
21359.658383364676,0.528,-0.016
21359.65862919986,0.512,0.0
21359.65887503505,0.528,-0.016
21359.659120870234,0.512,0.0
21359.65936670542,0.536,-0.016
21359.659612540603,0.512,-0.008
21359.659858375788,0.512,-0.016
21359.660104210972,0.52,0.0
21359.660350046157,0.512,-0.016
21359.66059588134,0.528,-0.008
21359.660841716526,0.528,-0.016
21359.661087551714,0.512,0.0
21359.6613333869,0.512,-0.016
21359.661579222084,0.528,0.0
21359.66182505727,0.512,-0.016
21359.662070892453,0.528,0.0
21359.662316727638,0.528,-0.016
21359.662562562822,0.52,0.0
21359.662808398007,0.52,-0.016
21359.663054233195,0.536,0.0
21359.66330006838,0.528,-0.016
21359.663545903564,0.512,0.0
21359.66379173875,0.52,-0.016
21359.664037573933,0.512,0.0
21359.664283409118,0.512,-0.016
21359.664529244303,0.528,0.0
21359.664775079487,0.512,-0.016
21359.665020914676,0.528,0.0
21359.66526674986,0.512,-0.016
21359.665512585045,0.536,0.0
21359.66575842023,0.52,-0.008
21359.666004255414,0.544,-0.016
21359.6662500906,0.528,-0.016
21359.666495925783,0.512,0.0
21359.666741760968,0.528,-0.008
21359.666987596152,0.512,-0.016
21359.66723343134,0.52,0.0
21359.667479266525,0.536,-0.016
21359.66772510171,0.536,-0.016
21359.667970936895,0.52,0.0
21359.66821677208,0.536,-0.016
21359.668462607264,0.512,-0.008
21359.66870844245,0.512,-0.008
21359.668954277633,0.528,-0.016
21359.66920011282,0.536,0.0
21359.669445948006,0.512,-0.016
21359.66969178319,0.52,-0.008
21359.669937618375,0.528,-0.016
21359.67018345356,0.52,-0.016
21359.670429288744,0.536,-0.008
21359.67067512393,0.52,-0.008
21359.670920959114,0.536,-0.016
21359.671166794302,0.52,-0.016
21359.671412629486,0.536,0.0
21359.67165846467,0.536,-0.016
21359.671904299856,0.52,0.0
21359.67215013504,0.536,0.0
21359.672395970225,0.512,-0.016
21359.67264180541,0.52,-0.008
21359.672887640594,0.536,-0.016
21359.67313347578,0.512,-0.008
21359.673379310967,0.528,-0.016
21359.67362514615,0.544,-0.008
21359.673870981336,0.52,-0.016
21359.67411681652,0.52,0.0
21359.674362651705,0.544,-0.016
21359.67460848689,0.552,-0.016
21359.674854322075,0.52,-0.008
21359.67510015726,0.52,-0.016
21359.675345992448,0.536,-0.008
21359.675591827632,0.528,-0.016
21359.675837662817,0.544,-0.008
21359.676083498,0.528,-0.016
21359.676329333186,0.512,0.0
21359.67657516837,0.528,-0.016
21359.676821003555,0.544,0.0
21359.67706683874,0.528,0.0
21359.677312673928,0.544,-0.016
21359.677558509113,0.528,-0.008
21359.677804344297,0.544,-0.016
21359.678050179482,0.528,-0.016
21359.678296014667,0.544,-0.008
21359.67854184985,0.528,-0.016
21359.678787685036,0.544,-0.008
21359.67903352022,0.528,-0.016
21359.679279355405,0.544,-0.008
21359.679525190593,0.536,-0.016
21359.679771025778,0.528,-0.008
21359.680016860962,0.528,-0.016
21359.680262696147,0.536,0.0
21359.68050853133,0.528,-0.016
21359.680754366516,0.544,0.0
21359.6810002017,0.528,-0.008
21359.681246036886,0.544,-0.016
21359.681491872074,0.528,-0.016
21359.68173770726,0.544,0.0
21359.681983542443,0.528,0.0
21359.682229377628,0.544,-0.016
21359.682475212812,0.528,-0.008
21359.682721047997,0.544,-0.016
21359.68296688318,0.528,-0.016
21359.683212718366,0.544,0.0
21359.683458553554,0.536,-0.016
21359.68370438874,0.528,0.0
21359.683950223924,0.528,0.0
21359.68419605911,0.544,-0.016
21359.684441894293,0.528,-0.008
21359.684687729477,0.536,-0.016
21359.684933564662,0.528,-0.008
21359.685179399847,0.544,-0.016
21359.68542523503,0.528,-0.008
21359.68567107022,0.544,-0.016
21359.685916905404,0.528,-0.008
21359.68616274059,0.544,-0.016
21359.686408575773,0.528,-0.016
21359.686654410958,0.544,0.0
21359.686900246143,0.528,-0.008
21359.687146081327,0.544,-0.016
21359.687391916512,0.528,-0.016
21359.6876377517,0.536,-0.008
21359.687883586885,0.528,-0.008
21359.68812942207,0.544,-0.016
21359.688375257254,0.544,-0.016
21359.68862109244,0.528,-0.008
21359.688866927623,0.544,-0.016
21359.689112762808,0.528,-0.008
21359.689358597992,0.528,-0.016
21359.68960443318,0.544,0.0
21359.689850268365,0.528,-0.016
21359.69009610355,0.536,-0.008
21359.690341938734,0.544,-0.016
21359.69058777392,0.528,0.0
21359.690833609104,0.528,-0.016
21359.69107944429,0.544,-0.008
21359.691325279473,0.528,-0.016
21359.691571114658,0.544,0.0
21359.691816949846,0.528,-0.016
21359.69206278503,0.544,0.0
21359.692308620215,0.528,-0.016
21359.6925544554,0.544,-0.008
21359.692800290584,0.528,-0.016
21359.69304612577,0.544,0.0
21359.693291960954,0.528,-0.016
21359.693537796138,0.544,0.0
21359.693783631326,0.528,-0.008
21359.69402946651,0.544,-0.016
21359.694275301696,0.544,-0.008
21359.69452113688,0.528,-0.016
21359.694766972065,0.536,-0.008
21359.69501280725,0.528,-0.016
21359.695258642434,0.536,-0.016
21359.69550447762,0.528,-0.008
21359.695750312807,0.536,-0.008
21359.69599614799,0.528,-0.016
21359.696241983176,0.528,-0.016
21359.69648781836,0.544,0.0
21359.696733653545,0.544,-0.016
21359.69697948873,0.528,-0.008
21359.697225323915,0.544,-0.016
21359.6974711591,0.528,-0.008
21359.697716994284,0.544,-0.016
21359.697962829472,0.528,-0.008
21359.698208664657,0.536,-0.008
21359.69845449984,0.528,-0.016
21359.698700335026,0.528,-0.016
21359.69894617021,0.544,0.0
21359.699192005395,0.528,0.0
21359.69943784058,0.544,-0.016
21359.699683675764,0.528,-0.016
21359.699929510953,0.544,-0.008
21359.700175346137,0.528,0.0
21359.700421181322,0.544,-0.016
21359.700667016506,0.528,-0.008
21359.70091285169,0.544,-0.016
21359.701158686876,0.544,-0.016
21359.70140452206,0.528,0.0
21359.701650357245,0.528,-0.008
21359.701896192433,0.544,0.032
21359.702142027618,0.528,0.032
21359.702387862802,0.544,0.136
21359.702633697987,0.528,0.14400000000000002
21359.70287953317,0.544,0.28
21359.703125368356,0.528,0.28800000000000003
21359.70337120354,0.544,0.352
21359.703617038725,0.528,0.36
21359.70386287391,0.544,0.376
21359.7041087091,0.544,0.376
21359.704354544283,0.528,0.392
21359.704600379468,0.536,0.384
21359.704846214652,0.528,0.392
21359.705092049837,0.536,0.384
21359.70533788502,0.528,0.384
21359.705583720206,0.528,0.392
21359.70582955539,0.536,0.384
21359.70607539058,0.544,0.384
21359.706321225764,0.528,0.392
21359.706567060948,0.528,0.384
21359.706812896133,0.536,0.392
21359.707058731317,0.528,0.384
21359.707304566502,0.544,0.392
21359.707550401687,0.528,0.384
21359.70779623687,0.544,0.392
21359.70804207206,0.544,0.384
21359.708287907244,0.528,0.392
21359.70853374243,0.528,0.392
21359.708779577613,0.544,0.384
21359.709025412798,0.528,0.384
21359.709271247983,0.544,0.392
21359.709517083167,0.528,0.384
21359.70976291835,0.536,0.384
21359.710008753536,0.528,0.384
21359.710254588725,0.544,0.384
21359.71050042391,0.528,0.384
21359.710746259094,0.544,0.384
21359.71099209428,0.528,0.384
21359.711237929463,0.544,0.392
21359.711483764648,0.528,0.384
21359.711729599832,0.544,0.384
21359.711975435017,0.528,0.384
21359.712221270205,0.536,0.384
21359.71246710539,0.528,0.392
21359.712712940574,0.536,0.384
21359.71295877576,0.528,0.384
21359.713204610944,0.544,0.392
21359.71345044613,0.544,0.384
21359.713696281313,0.528,0.384
21359.713942116497,0.528,0.384
21359.714187951686,0.544,0.392
21359.71443378687,0.528,0.384
21359.714679622055,0.544,0.384
21359.71492545724,0.528,0.384
21359.715171292424,0.544,0.392
21359.71541712761,0.528,0.384
21359.715662962793,0.544,0.392
21359.715908797978,0.544,0.384
21359.716154633163,0.528,0.392
21359.71640046835,0.536,0.384
21359.716646303536,0.528,0.392
21359.71689213872,0.528,0.384
21359.717137973905,0.544,0.384
21359.71738380909,0.536,0.384
21359.717629644274,0.528,0.384
21359.71787547946,0.528,0.384
21359.718121314643,0.544,0.384
21359.71836714983,0.528,0.384
21359.718612985016,0.544,0.392
21359.7188588202,0.528,0.392
21359.719104655385,0.544,0.384
21359.71935049057,0.528,0.384
21359.719596325755,0.544,0.384
21359.71984216094,0.528,0.384
21359.720087996124,0.536,0.392
21359.720333831312,0.528,0.384
21359.720579666497,0.544,0.392
21359.72082550168,0.536,0.384
21359.721071336866,0.528,0.392
21359.72131717205,0.528,0.392
21359.721563007235,0.544,0.384
21359.72180884242,0.528,0.384
21359.722054677604,0.544,0.392
21359.72230051279,0.528,0.384
21359.722546347977,0.536,0.384
21359.72279218316,0.528,0.384
21359.723038018346,0.536,0.392
21359.72328385353,0.528,0.384
21359.723529688716,0.552,0.384
21359.7237755239,0.528,0.392
21359.724021359085,0.544,0.384
21359.72426719427,0.544,0.384
21359.724513029458,0.52,0.392
21359.724758864642,0.52,0.384
21359.725004699827,0.536,0.384
21359.72525053501,0.528,0.384
21359.725496370196,0.52,0.392
21359.72574220538,0.536,0.384
21359.725988040565,0.512,0.392
21359.72623387575,0.52,0.384
21359.72647971094,0.536,0.4
21359.726725546123,0.544,0.384
21359.726971381308,0.52,0.392
21359.727217216492,0.512,0.384
21359.727463051677,0.528,0.392
21359.72770888686,0.52,0.384
21359.727954722046,0.544,0.392
21359.72820055723,0.544,0.384
21359.728446392415,0.528,0.384
21359.728692227603,0.528,0.384
21359.728938062788,0.544,0.392
21359.729183897973,0.528,0.384
21359.729429733157,0.544,0.392
21359.729675568342,0.528,0.392
21359.729921403527,0.544,0.384
21359.73016723871,0.528,0.384
21359.730413073896,0.544,0.384
21359.730658909084,0.528,0.384
21359.73090474427,0.544,0.392
21359.731150579453,0.544,0.384
21359.731396414638,0.528,0.392
21359.731642249822,0.528,0.384
21359.731888085007,0.536,0.392
21359.73213392019,0.528,0.392
21359.732379755376,0.544,0.384
21359.732625590565,0.536,0.384
21359.73287142575,0.528,0.392
21359.733117260934,0.544,0.384
21359.73336309612,0.52,0.392
21359.733608931303,0.528,0.384
21359.733854766488,0.544,0.392
21359.734100601672,0.528,0.384
21359.734346436857,0.544,0.392
21359.73459227204,0.528,0.384
21359.73483810723,0.544,0.384
21359.735083942414,0.528,0.384
21359.7353297776,0.544,0.384
21359.735575612784,0.536,0.384
21359.73582144797,0.528,0.392
21359.736067283153,0.528,0.384
21359.736313118337,0.544,0.392
21359.736558953522,0.536,0.384
21359.73680478871,0.528,0.384
21359.737050623895,0.528,0.384
21359.73729645908,0.544,0.384
21359.737542294264,0.544,0.384
21359.73778812945,0.528,0.392
21359.738033964633,0.528,0.384
21359.738279799818,0.552,0.392
21359.738525635003,0.528,0.384
21359.73877147019,0.544,0.384
21359.739017305375,0.528,0.384
21359.73926314056,0.544,0.392
21359.739508975745,0.528,0.384
21359.73975481093,0.536,0.384
21359.740000646114,0.528,0.384
21359.7402464813,0.544,0.392
21359.740492316483,0.544,0.384
21359.740738151668,0.528,0.4
21359.740983986856,0.544,0.392
21359.74122982204,0.528,0.384
21359.741475657225,0.528,0.384
21359.74172149241,0.544,0.392
21359.741967327594,0.528,0.384
21359.74221316278,0.536,0.392
21359.742458997964,0.528,0.384
21359.74270483315,0.544,0.384
21359.742950668337,0.544,0.384
21359.74319650352,0.528,0.376
21359.743442338706,0.528,0.376
21359.74368817389,0.544,0.368
21359.743934009075,0.528,0.368
21359.74417984426,0.544,0.384
21359.744425679444,0.528,0.376
21359.74467151463,0.544,0.384
21359.744917349817,0.528,0.376
21359.745163185,0.544,0.384
21359.745409020186,0.528,0.384
21359.74565485537,0.544,0.368
21359.745900690556,0.528,0.368
21359.74614652574,0.544,0.384
21359.746392360925,0.528,0.384
21359.74663819611,0.544,0.4
21359.746884031294,0.528,0.392
21359.747129866482,0.536,0.376
21359.747375701667,0.544,0.376
21359.74762153685,0.528,0.368
21359.747867372036,0.528,0.376
21359.74811320722,0.536,0.392
21359.748359042405,0.528,0.384
21359.74860487759,0.544,0.376
21359.748850712775,0.528,0.376
21359.749096547963,0.544,0.392
21359.749342383147,0.544,0.384
21359.749588218332,0.528,0.4
21359.749834053517,0.528,0.392
21359.7500798887,0.544,0.376
21359.750325723886,0.528,0.392
21359.75057155907,0.544,0.368
21359.750817394255,0.528,0.368
21359.751063229443,0.544,0.384
21359.751309064628,0.528,0.384
21359.751554899813,0.544,0.376
21359.751800734997,0.528,0.392
21359.752046570182,0.544,0.376
21359.752292405366,0.528,0.376
21359.75253824055,0.544,0.376
21359.752784075736,0.544,0.376
21359.75302991092,0.528,0.392
21359.75327574611,0.544,0.376
21359.753521581293,0.528,0.384
21359.753767416478,0.528,0.384
21359.754013251662,0.544,0.376
21359.754259086847,0.528,0.384
21359.75450492203,0.544,0.368
21359.754750757216,0.528,0.384
21359.7549965924,0.544,0.392
21359.75524242759,0.528,0.392
21359.755488262774,0.544,0.384
21359.75573409796,0.528,0.384
21359.755979933143,0.544,0.392
21359.756225768328,0.528,0.384
21359.756471603512,0.544,0.392
21359.756717438697,0.528,0.384
21359.75696327388,0.536,0.392
21359.75720910907,0.536,0.384
21359.757454944254,0.528,0.4
21359.75770077944,0.528,0.392
21359.757946614624,0.544,0.384
21359.758192449808,0.528,0.392
21359.758438284993,0.544,0.384
21359.758684120177,0.528,0.392
21359.758929955362,0.536,0.384
21359.759175790547,0.544,0.384
21359.759421625735,0.528,0.392
21359.75966746092,0.528,0.384
21359.759913296104,0.544,0.384
21359.76015913129,0.528,0.384
21359.760404966473,0.544,0.392
21359.760650801658,0.528,0.384
21359.760896636843,0.536,0.384
21359.761142472027,0.528,0.384
21359.761388307215,0.544,0.392
21359.7616341424,0.528,0.384
21359.761879977585,0.536,0.384
21359.76212581277,0.528,0.384
21359.762371647954,0.544,0.384
21359.76261748314,0.528,0.392
21359.762863318323,0.552,0.368
21359.763109153508,0.528,0.368
21359.763354988696,0.544,0.304
21359.76360082388,0.528,0.296
21359.763846659065,0.544,0.14400000000000002
21359.76409249425,0.528,0.136
21359.764338329434,0.536,0.048
21359.76458416462,0.528,0.04
21359.764829999804,0.536,0.0
21359.76507583499,0.528,0.008
21359.765321670173,0.544,-0.008
21359.76556750536,0.528,0.0
21359.765813340546,0.544,-0.008
21359.76605917573,0.528,0.0
21359.766305010915,0.544,-0.016
21359.7665508461,0.528,0.0
21359.766796681284,0.544,-0.016
21359.76704251647,0.544,-0.016
21359.767288351653,0.528,0.0
21359.76753418684,0.528,0.0
21359.767780022026,0.544,-0.016
21359.76802585721,0.544,-0.016
21359.768271692396,0.528,0.0
21359.76851752758,0.544,-0.016
21359.768763362765,0.528,0.0
21359.76900919795,0.544,-0.016
21359.769255033134,0.528,0.0
21359.769500868322,0.528,0.0
21359.769746703507,0.536,-0.016
21359.76999253869,0.528,-0.016
21359.770238373876,0.544,0.0
21359.77048420906,0.528,0.0
21359.770730044245,0.544,-0.016
21359.77097587943,0.544,0.0
21359.771221714615,0.528,-0.016
21359.7714675498,0.528,0.0
21359.771713384987,0.544,-0.016
21359.771959220172,0.528,0.0
21359.772205055357,0.536,-0.016
21359.77245089054,0.528,0.0
21359.772696725726,0.544,-0.016
21359.77294256091,0.528,0.0
21359.773188396095,0.536,-0.016
21359.77343423128,0.528,0.0
21359.773680066468,0.544,-0.016
21359.773925901653,0.528,-0.016
21359.774171736837,0.544,0.0
21359.77441757202,0.528,-0.016
21359.774663407206,0.544,0.0
21359.77490924239,0.528,-0.016
21359.775155077576,0.544,0.0
21359.77540091276,0.528,-0.016
21359.77564674795,0.544,0.0
21359.775892583133,0.528,0.0
21359.776138418318,0.544,-0.016
21359.776384253502,0.528,-0.016
21359.776630088687,0.544,0.0
21359.77687592387,0.544,-0.016
21359.777121759056,0.528,0.0
21359.77736759424,0.536,-0.016
21359.777613429425,0.52,0.0
21359.777859264614,0.52,-0.016
21359.7781050998,0.536,0.0
21359.778350934983,0.52,-0.016
21359.778596770167,0.536,0.0
21359.778842605352,0.536,0.0
21359.779088440537,0.512,-0.016
21359.77933427572,0.512,-0.016
21359.779580110906,0.536,0.0
21359.779825946094,0.52,0.0
21359.78007178128,0.544,-0.016
21359.780317616463,0.544,0.0
21359.780563451648,0.512,-0.016
21359.780809286833,0.512,-0.016
21359.781055122017,0.528,0.0
21359.781300957202,0.512,-0.016
21359.781546792387,0.528,0.0
21359.781792627575,0.52,-0.016
21359.78203846276,0.536,0.0
21359.782284297944,0.536,-0.016
21359.78253013313,0.512,0.0
21359.782775968313,0.512,-0.016
21359.783021803498,0.528,0.0
21359.783267638682,0.52,-0.016
21359.783513473867,0.536,-0.008
21359.78375930905,0.52,-0.016
21359.78400514424,0.536,0.0
21359.784250979425,0.52,0.0
21359.78449681461,0.536,-0.016
21359.784742649794,0.544,-0.016
21359.78498848498,0.512,0.0
21359.785234320163,0.52,-0.016
21359.785480155348,0.544,0.0
21359.785725990532,0.528,-0.016
21359.78597182572,0.536,0.0
21359.786217660905,0.528,-0.016
21359.78646349609,0.544,0.0
21359.786709331274,0.528,-0.016
21359.78695516646,0.536,-0.008
21359.787201001644,0.528,-0.016
21359.787446836828,0.544,-0.008
21359.787692672013,0.528,-0.016
21359.7879385072,0.544,-0.008
21359.788184342386,0.544,-0.008
21359.78843017757,0.528,-0.016
21359.788676012755,0.528,-0.016
21359.78892184794,0.544,-0.008
21359.789167683124,0.528,-0.016
21359.78941351831,0.544,0.0
21359.789659353493,0.536,-0.016
21359.789905188678,0.528,0.0
21359.790151023866,0.528,-0.016
21359.79039685905,0.544,0.0
21359.790642694235,0.528,-0.008
21359.79088852942,0.544,-0.016
21359.791134364605,0.528,-0.016
21359.79138019979,0.544,0.0
21359.791626034974,0.528,-0.008
21359.79187187016,0.544,-0.016
21359.792117705347,0.528,-0.016
21359.79236354053,0.544,-0.008
21359.792609375716,0.528,-0.016
21359.7928552109,0.544,0.0
21359.793101046085,0.528,-0.008
21359.79334688127,0.544,-0.016
21359.793592716454,0.528,-0.016
21359.79383855164,0.544,-0.008
21359.794084386827,0.528,-0.016
21359.794330222012,0.544,0.0
21359.794576057197,0.536,-0.016
21359.79482189238,0.528,0.0
21359.795067727566,0.528,-0.008
21359.79531356275,0.544,-0.016
21359.795559397935,0.528,-0.008
21359.79580523312,0.536,-0.016
21359.796051068304,0.528,-0.016
21359.796296903492,0.544,0.0
21359.796542738677,0.528,-0.016
21359.79678857386,0.544,-0.008
21359.797034409046,0.536,-0.008
21359.79728024423,0.528,-0.016
21359.797526079416,0.528,-0.016
21359.7977719146,0.536,-0.008
21359.798017749785,0.536,-0.016
21359.798263584973,0.528,-0.008
21359.798509420158,0.528,-0.008
21359.798755255342,0.544,-0.016
21359.799001090527,0.544,-0.016
21359.79924692571,0.528,0.0
21359.799492760896,0.536,-0.016
21359.79973859608,0.52,-0.008
21359.799984431265,0.52,0.0
21359.800230266454,0.536,-0.016
21359.80047610164,0.536,-0.016
21359.800721936823,0.512,-0.008
21359.800967772007,0.52,-0.016
21359.801213607192,0.544,0.0
21359.801459442377,0.536,-0.016
21359.80170527756,0.52,-0.008
21359.801951112746,0.544,-0.016
21359.80219694793,0.512,-0.008
21359.80244278312,0.52,-0.008
21359.802688618303,0.536,-0.016
21359.802934453488,0.536,-0.016
21359.803180288673,0.512,-0.008
21359.803426123857,0.512,-0.016
21359.803671959042,0.528,0.0
21359.803917794226,0.512,-0.008
21359.80416362941,0.528,-0.016
21359.8044094646,0.512,-0.008
21359.804655299784,0.528,-0.016
21359.80490113497,0.528,-0.016
21359.805146970153,0.544,0.0
21359.805392805338,0.544,-0.008
21359.805638640522,0.512,-0.016
21359.805884475707,0.528,-0.008
21359.80613031089,0.512,-0.016
21359.80637614608,0.512,-0.016
21359.806621981264,0.528,-0.008
21359.80686781645,0.512,-0.016
21359.807113651634,0.528,-0.008
21359.80735948682,0.512,-0.008
21359.807605322003,0.528,-0.016
21359.807851157188,0.52,-0.016
21359.808096992372,0.536,-0.008
21359.808342827557,0.536,-0.008
21359.808588662745,0.512,-0.016
21359.80883449793,0.52,-0.016
21359.809080333114,0.512,-0.008
21359.8093261683,0.512,-0.016
21359.809572003483,0.528,0.0
21359.809817838668,0.52,0.0
21359.810063673853,0.536,-0.016
21359.810309509037,0.52,-0.008
21359.810555344226,0.536,-0.016
21359.81080117941,0.52,-0.008
21359.811047014595,0.536,-0.016
21359.81129284978,0.536,-0.008
21359.811538684964,0.52,-0.016
21359.81178452015,0.52,-0.016
21359.812030355333,0.536,-0.008
21359.812276190518,0.528,-0.016
21359.812522025706,0.52,-0.008
21359.81276786089,0.52,-0.016
21359.813013696075,0.552,-0.008
21359.81325953126,0.536,-0.016
21359.813505366445,0.52,-0.008
21359.81375120163,0.52,-0.016
21359.813997036814,0.536,0.0
21359.814242872,0.52,-0.016
21359.814488707183,0.536,-0.008
21359.81473454237,0.536,-0.016
21359.814980377556,0.52,-0.008
21359.81522621274,0.512,-0.008
21359.815472047925,0.536,-0.016
21359.81571788311,0.528,-0.008
21359.815963718294,0.544,-0.016
21359.81620955348,0.528,-0.008
21359.816455388664,0.536,-0.016
21359.816701223852,0.512,-0.008
21359.816947059036,0.536,-0.016
21359.81719289422,0.528,-0.008
21359.817438729406,0.512,-0.016
21359.81768456459,0.512,-0.016
21359.817930399775,0.536,0.0
21359.81817623496,0.528,-0.008
21359.818422070144,0.512,-0.016
21359.818667905332,0.52,-0.016
21359.818913740517,0.536,-0.008
21359.8191595757,0.52,-0.016
21359.819405410886,0.536,0.0
21359.81965124607,0.528,-0.016
21359.819897081255,0.544,-0.008
21359.82014291644,0.536,-0.016
21359.820388751625,0.52,-0.008
21359.82063458681,0.528,-0.008
21359.820880421998,0.512,-0.016
21359.821126257182,0.512,-0.016
21359.821372092367,0.536,0.0
21359.82161792755,0.52,-0.016
21359.821863762736,0.536,-0.008
21359.82210959792,0.536,-0.008
21359.822355433105,0.512,-0.016
21359.82260126829,0.512,-0.016
21359.822847103478,0.536,0.0
21359.823092938663,0.52,0.0
21359.823338773847,0.544,-0.016
21359.823584609032,0.528,-0.016
21359.823830444217,0.544,-0.008
21359.8240762794,0.536,-0.016
21359.824322114586,0.52,0.0
21359.82456794977,0.52,-0.008
21359.82481378496,0.536,0.032
21359.825059620143,0.536,0.024
21359.825305455328,0.512,0.14400000000000002
21359.825551290513,0.512,0.14400000000000002
21359.825797125697,0.536,0.28800000000000003
21359.82604296088,0.536,0.28800000000000003
21359.826288796066,0.52,0.36
21359.82653463125,0.52,0.36
21359.826780466436,0.544,0.384
21359.827026301624,0.52,0.376
21359.82727213681,0.544,0.384
21359.827517971993,0.528,0.384
21359.827763807178,0.544,0.392
21359.828009642362,0.52,0.384
21359.828255477547,0.536,0.384
21359.82850131273,0.536,0.384
21359.828747147916,0.52,0.4
21359.828992983104,0.52,0.384
21359.82923881829,0.544,0.4
21359.829484653474,0.528,0.384
21359.82973048866,0.536,0.392
21359.829976323843,0.528,0.384
21359.830222159027,0.512,0.392
21359.830467994212,0.528,0.392
21359.830713829397,0.512,0.384
21359.830959664585,0.52,0.384
21359.83120549977,0.536,0.392
21359.831451334954,0.544,0.384
21359.83169717014,0.512,0.392
21359.831943005323,0.528,0.384
21359.832188840508,0.544,0.392
21359.832434675693,0.544,0.384
21359.832680510877,0.528,0.392
21359.832926346062,0.544,0.384
21359.83317218125,0.528,0.392
21359.833418016435,0.528,0.384
21359.83366385162,0.544,0.392
21359.833909686804,0.536,0.384
21359.83415552199,0.528,0.392
21359.834401357173,0.536,0.384
21359.834647192358,0.528,0.392
21359.834893027542,0.528,0.384
21359.83513886273,0.536,0.392
21359.835384697915,0.528,0.384
21359.8356305331,0.544,0.392
21359.835876368285,0.528,0.384
21359.83612220347,0.544,0.392
21359.836368038654,0.528,0.384
21359.83661387384,0.544,0.392
21359.836859709023,0.528,0.384
21359.83710554421,0.544,0.384
21359.837351379396,0.528,0.384
21359.83759721458,0.544,0.392
21359.837843049765,0.544,0.384
21359.83808888495,0.528,0.392
21359.838334720134,0.528,0.384
21359.83858055532,0.544,0.392
21359.838826390504,0.536,0.392
21359.839072225688,0.528,0.384
21359.839318060876,0.528,0.384
21359.83956389606,0.544,0.392
21359.839809731246,0.528,0.384
21359.84005556643,0.544,0.392
21359.840301401615,0.544,0.392
21359.8405472368,0.528,0.384
21359.840793071984,0.528,0.392
21359.84103890717,0.544,0.384
21359.841284742357,0.528,0.384
21359.84153057754,0.552,0.4
21359.841776412726,0.536,0.392
21359.84202224791,0.528,0.384
21359.842268083095,0.528,0.384
21359.84251391828,0.544,0.384
21359.842759753465,0.544,0.384
21359.84300558865,0.528,0.392
21359.843251423838,0.528,0.384
21359.843497259022,0.544,0.392
21359.843743094207,0.536,0.384
21359.84398892939,0.528,0.392
21359.844234764576,0.528,0.384
21359.84448059976,0.544,0.392
21359.844726434945,0.528,0.384
21359.84497227013,0.544,0.392
21359.845218105314,0.528,0.384
21359.845463940503,0.544,0.392
21359.845709775687,0.544,0.384
21359.845955610872,0.528,0.392
21359.846201446057,0.528,0.384
21359.84644728124,0.552,0.392
21359.846693116426,0.536,0.384
21359.84693895161,0.528,0.384
21359.847184786795,0.528,0.384
21359.847430621983,0.544,0.392
21359.847676457168,0.536,0.384
21359.847922292352,0.528,0.392
21359.848168127537,0.528,0.4
21359.84841396272,0.544,0.384
21359.848659797906,0.528,0.384
21359.84890563309,0.544,0.4
21359.849151468276,0.536,0.384
21359.849397303464,0.528,0.392
21359.84964313865,0.528,0.384
21359.849888973833,0.544,0.384
21359.850134809018,0.528,0.384
21359.850380644202,0.536,0.392
21359.850626479387,0.528,0.392
21359.85087231457,0.544,0.384
21359.851118149756,0.528,0.384
21359.85136398494,0.552,0.4
21359.85160982013,0.528,0.384
21359.851855655314,0.544,0.392
21359.852101490498,0.528,0.392
21359.852347325683,0.544,0.384
21359.852593160867,0.528,0.384
21359.852838996052,0.544,0.392
21359.853084831237,0.528,0.384
21359.85333066642,0.544,0.392
21359.85357650161,0.536,0.384
21359.853822336794,0.528,0.392
21359.85406817198,0.528,0.384
21359.854314007163,0.544,0.4
21359.854559842348,0.544,0.384
21359.854805677533,0.528,0.392
21359.855051512717,0.528,0.384
21359.8552973479,0.544,0.392
21359.85554318309,0.528,0.384
21359.855789018275,0.544,0.392
21359.85603485346,0.528,0.384
21359.856280688644,0.552,0.384
21359.85652652383,0.528,0.392
21359.856772359013,0.544,0.384
21359.857018194198,0.528,0.384
21359.857264029382,0.544,0.4
21359.857509864567,0.544,0.384
21359.857755699755,0.528,0.392
21359.85800153494,0.552,0.384
21359.858247370124,0.528,0.392
21359.85849320531,0.528,0.384
21359.858739040494,0.544,0.4
21359.85898487568,0.536,0.392
21359.859230710863,0.528,0.384
21359.859476546048,0.528,0.392
21359.859722381236,0.536,0.384
21359.85996821642,0.528,0.384
21359.860214051605,0.536,0.392
21359.86045988679,0.528,0.384
21359.860705721974,0.544,0.4
21359.86095155716,0.544,0.384
21359.861197392343,0.528,0.392
21359.861443227528,0.536,0.384
21359.861689062716,0.528,0.392
21359.8619348979,0.528,0.384
21359.862180733086,0.544,0.392
21359.86242656827,0.528,0.384
21359.862672403455,0.544,0.384
21359.86291823864,0.544,0.384
21359.863164073824,0.528,0.392
21359.86340990901,0.528,0.384
21359.863655744193,0.544,0.392
21359.86390157938,0.544,0.384
21359.864147414566,0.528,0.392
21359.86439324975,0.528,0.384
21359.864639084935,0.536,0.384
21359.86488492012,0.544,0.384
21359.865130755305,0.528,0.392
21359.86537659049,0.544,0.384
21359.865622425674,0.528,0.4
21359.865868260862,0.544,0.384
21359.866114096047,0.52,0.4
21359.86635993123,0.544,0.384
21359.866605766416,0.528,0.384
21359.8668516016,0.528,0.384
21359.867097436785,0.536,0.392
21359.86734327197,0.528,0.384
21359.867589107154,0.544,0.384
21359.867834942343,0.528,0.384
21359.868080777527,0.544,0.392
21359.868326612712,0.528,0.384
21359.868572447896,0.544,0.392
21359.87381720543,0.528,0.0
21359.874083637398,0.544,-0.016
21359.874350069364,0.528,-0.016
21359.874616501333,0.544,0.0
21359.874882933298,0.528,-0.016
21359.875149365267,0.536,0.0
21359.875415797233,0.536,0.0
21359.8756822292,0.528,-0.016
21359.875948661167,0.544,0.0
21359.876215093136,0.52,-0.016
21359.8764815251,0.536,0.0
21359.87674795707,0.52,-0.016
21359.87701438904,0.536,-0.016
21359.877280821005,0.52,0.0
21359.877547252974,0.52,-0.016
21359.87781368494,0.536,0.0
21359.87808011691,0.544,0.0
21359.878346548874,0.52,-0.016
21359.878612980843,0.512,0.0
21359.87887941281,0.536,-0.016
21359.879145844778,0.536,-0.008
21359.879412276743,0.52,0.016
21359.879678708712,0.52,0.024
21359.87994514068,0.544,0.12
21359.880211572647,0.536,0.128
21359.880478004616,0.512,0.28
21359.88074443658,0.52,0.28800000000000003
21359.88101086855,0.536,0.36
21359.881277300516,0.536,0.36
21359.881543732485,0.512,0.384
21359.88181016445,0.52,0.384
21359.88207659642,0.536,0.392
21359.882343028385,0.536,0.392
21359.882609460354,0.52,0.392
21359.882875892323,0.544,0.392
21359.88314232429,0.512,0.4
21359.883408756257,0.52,0.392
21359.883675188223,0.528,0.4
21359.88394162019,0.512,0.392
21359.884208052157,0.528,0.4
21359.884474484126,0.52,0.392
21359.88474091609,0.512,0.40800000000000003
21359.88500734806,0.512,0.392
21359.88527378003,0.528,0.4
21359.885540211995,0.512,0.392
21359.885806643964,0.528,0.4
21359.88607307593,0.528,0.392
21359.8863395079,0.512,0.4
21359.886605939864,0.52,0.392
21359.886872371833,0.536,0.4
21359.8871388038,0.52,0.392
21359.887405235768,0.536,0.40800000000000003
21359.887671667733,0.528,0.392
21359.887938099702,0.536,0.4
21359.88820453167,0.536,0.392
21359.888470963637,0.512,0.40800000000000003
21359.888737395606,0.52,0.392
21359.88900382757,0.536,0.392
21359.88927025954,0.52,0.392
21359.889536691506,0.536,0.40800000000000003
21359.889803123475,0.544,0.392
21359.89006955544,0.52,0.392
21359.89033598741,0.536,0.4
21359.890602419375,0.52,0.392
21359.890868851344,0.52,0.392
21359.891135283313,0.536,0.392
21359.89140171528,0.52,0.392
21359.891668147247,0.544,0.4
21359.891934579213,0.52,0.392
21359.892201011182,0.536,0.4
21359.892467443147,0.536,0.392
21359.892733875116,0.512,0.4
21359.893000307082,0.512,0.392
21359.89326673905,0.528,0.4
21359.893533171016,0.52,0.392
21359.893799602985,0.536,0.4
21359.894066034954,0.544,0.4
21359.89433246692,0.512,0.392
21359.89459889889,0.512,0.4
21359.894865330854,0.536,0.392
21359.895131762823,0.528,0.392
21359.89539819479,0.544,0.4
21359.895664626758,0.528,0.392
21359.895931058723,0.544,0.392
21359.896197490692,0.528,0.392
21359.896463922658,0.544,0.392
21359.896730354627,0.528,0.392
21359.896996786596,0.544,0.4
21359.89726321856,0.528,0.392
21359.89752965053,0.544,0.4
21359.897796082496,0.528,0.392
21359.898062514465,0.544,0.392
21359.89832894643,0.528,0.392
21359.8985953784,0.536,0.392
21359.898861810365,0.528,0.392
21359.899128242334,0.544,0.4
21359.8993946743,0.528,0.392
21359.89966110627,0.536,0.4
21359.899927538238,0.528,0.392
21359.900193970203,0.544,0.392
21359.900460402172,0.528,0.392
21359.900726834137,0.544,0.4
21359.900993266107,0.528,0.392
21359.901259698072,0.544,0.392
21359.90152613004,0.528,0.392
21359.901792562006,0.544,0.4
21359.902058993976,0.528,0.392
21359.90232542594,0.544,0.4
21359.90259185791,0.536,0.4
21359.90285828988,0.528,0.392
21359.903124721845,0.528,0.392
21359.903391153814,0.544,0.4
21359.90365758578,0.544,0.392
21359.903924017748,0.528,0.4
21359.904190449713,0.528,0.392
21359.904456881683,0.544,0.392
21359.904723313648,0.528,0.392
21359.904989745617,0.544,0.4
21359.905256177586,0.528,0.392
21359.90552260955,0.536,0.4
21359.90578904152,0.528,0.392
21359.906055473486,0.544,0.4
21359.906321905455,0.528,0.392
21359.90658833742,0.544,0.4
21359.90685476939,0.528,0.4
21359.907121201355,0.544,0.384
21359.907387633324,0.528,0.392
21359.90765406529,0.544,0.4
21359.90792049726,0.528,0.4
21359.908186929228,0.544,0.392
21359.908453361193,0.528,0.384
21359.908719793162,0.544,0.4
21359.908986225128,0.528,0.384
21359.909252657097,0.544,0.4
21359.909519089062,0.544,0.392
21359.90978552103,0.528,0.4
21359.910051952997,0.528,0.4
21359.910318384966,0.544,0.392
21359.91058481693,0.528,0.384
21359.9108512489,0.536,0.4
21359.91111768087,0.528,0.392
21359.911384112835,0.536,0.384
21359.911650544804,0.536,0.384
21359.91191697677,0.528,0.4
21359.91218340874,0.528,0.392
21359.912449840704,0.544,0.392
21359.912716272673,0.528,0.392
21359.912982704638,0.544,0.4
21359.913249136607,0.544,0.392
21359.913515568573,0.528,0.392
21359.91378200054,0.544,0.392
21359.91404843251,0.528,0.4
21359.914314864476,0.528,0.392
21359.914581296445,0.544,0.4
21359.91484772841,0.528,0.392
21359.91511416038,0.544,0.4
21359.915380592345,0.528,0.392
21359.915647024314,0.544,0.4
21359.91591345628,0.528,0.392
21359.91617988825,0.544,0.392
21359.916446320214,0.528,0.392
21359.916712752183,0.544,0.384
21359.916979184152,0.528,0.384
21359.917245616118,0.544,0.368
21359.917512048087,0.544,0.384
21359.917778480052,0.528,0.4
21359.91804491202,0.528,0.40800000000000003
21359.918311343987,0.544,0.392
21359.918577775956,0.544,0.392
21359.91884420792,0.528,0.4
21359.91911063989,0.544,0.392
21359.919377071856,0.528,0.4
21359.919643503825,0.528,0.392
21359.919909935794,0.544,0.4
21359.92017636776,0.528,0.392
21359.92044279973,0.544,0.4
21359.920709231694,0.544,0.392
21359.920975663663,0.528,0.4
21359.92124209563,0.536,0.392
21359.921508527597,0.528,0.40800000000000003
21359.921774959563,0.528,0.392
21359.922041391532,0.536,0.4
21359.922307823497,0.536,0.392
21359.922574255466,0.528,0.4
21359.922840687435,0.544,0.392
21359.9231071194,0.528,0.392
21359.92337355137,0.536,0.392
21359.923639983335,0.528,0.392
21359.923906415304,0.528,0.392
21359.92417284727,0.544,0.392
21359.92443927924,0.528,0.392
21359.924705711204,0.544,0.4
21359.924972143173,0.544,0.392
21359.925238575142,0.528,0.392
21359.925505007108,0.528,0.392
21359.925771439077,0.536,0.392
21359.926037871042,0.528,0.392
21359.92630430301,0.544,0.40800000000000003
21359.926570734977,0.536,0.392
21359.926837166946,0.528,0.40800000000000003
21359.92710359891,0.528,0.392
21359.92737003088,0.544,0.392
21359.927636462846,0.536,0.392
21359.927902894815,0.528,0.4
21359.928169326784,0.528,0.392
21359.92843575875,0.544,0.4
21359.92870219072,0.536,0.392
21359.928968622684,0.528,0.392
21359.929235054653,0.528,0.392
21359.92950148662,0.544,0.4
21359.929767918587,0.528,0.392
21359.930034350553,0.544,0.4
21359.930300782522,0.528,0.392
21359.930567214487,0.544,0.4
21359.930833646456,0.528,0.4
21359.931100078426,0.544,0.392
21359.93136651039,0.528,0.392
21359.93163294236,0.536,0.392
21359.931899374325,0.536,0.392
21359.932165806295,0.528,0.4
21359.93243223826,0.528,0.4
21359.93269867023,0.544,0.384
21359.932965102194,0.544,0.392
21359.933231534163,0.528,0.376
21359.93349796613,0.528,0.376
21359.933764398098,0.544,0.392
21359.934030830067,0.528,0.392
21359.934297262032,0.544,0.4
21359.934563694,0.528,0.392
21359.934830125967,0.544,0.40800000000000003
21359.935096557936,0.544,0.392
21359.9353629899,0.528,0.4
21359.93562942187,0.528,0.392
21359.935895853836,0.544,0.4
21359.936162285805,0.528,0.4
21359.93642871777,0.544,0.392
21359.93669514974,0.544,0.392
21359.93696158171,0.528,0.4
21359.937228013674,0.528,0.392
21359.937494445643,0.536,0.40800000000000003
21359.93776087761,0.528,0.392
21359.938027309578,0.544,0.4
21359.938293741543,0.528,0.392
21359.938560173512,0.544,0.4
21359.938826605478,0.528,0.392
21359.939093037447,0.544,0.4
21359.939359469412,0.544,0.4
21359.93962590138,0.528,0.392
21359.93989233335,0.528,0.392
21359.940158765316,0.544,0.4
21359.940425197285,0.536,0.392
21359.94069162925,0.528,0.384
21359.94095806122,0.528,0.384
21359.941224493185,0.536,0.376
21359.941490925154,0.528,0.376
21359.94175735712,0.544,0.4
21359.942023789088,0.528,0.392
21359.942290221054,0.544,0.40800000000000003
21359.942556653023,0.528,0.384
21359.94282308499,0.544,0.40800000000000003
21359.943089516957,0.528,0.4
21359.943355948926,0.544,0.392
21359.94362238089,0.528,0.392
21359.94388881286,0.544,0.4
21359.944155244826,0.528,0.392
21359.944421676795,0.544,0.4
21359.94468810876,0.528,0.4
21359.94495454073,0.544,0.392
21359.9452209727,0.528,0.4
21359.945487404664,0.544,0.384
21359.945753836633,0.544,0.376
21359.9460202686,0.528,0.32
21359.946286700568,0.528,0.312
21359.946553132533,0.544,0.168
21359.946819564502,0.544,0.16
21359.947085996468,0.528,0.056
21359.947352428437,0.528,0.056
21359.947618860402,0.544,0.008
21359.94788529237,0.528,0.016
21359.94815172434,0.544,-0.008
21359.948418156306,0.528,0.0
21359.948684588275,0.544,-0.008
21359.94895102024,0.528,-0.008
21359.94921745221,0.544,0.0
21359.949483884175,0.528,0.0
21359.949750316144,0.544,-0.008
21359.95001674811,0.544,-0.008
21359.95028318008,0.528,0.0
21359.950549612044,0.536,-0.008
21359.950816044013,0.528,0.0
21359.951082475982,0.536,-0.008
21359.951348907947,0.528,0.0
21359.951615339916,0.528,-0.008
21359.95188177188,0.544,0.0
21359.95214820385,0.544,0.0
21359.952414635816,0.528,-0.008
21359.952681067785,0.528,0.0
21359.95294749975,0.544,-0.008
21359.95321393172,0.528,0.0
21359.953480363685,0.544,-0.008
21359.953746795654,0.528,0.0
21359.954013227623,0.544,-0.008
21359.95427965959,0.544,0.0
21359.954546091558,0.528,-0.008
21359.954812523523,0.528,-0.008
21359.955078955492,0.536,0.0
21359.955345387458,0.528,0.0
21359.955611819427,0.544,-0.008
21359.955878251392,0.528,0.0
21359.95614468336,0.544,-0.008
21359.956411115327,0.528,0.0
21359.956677547296,0.544,-0.008
21359.956943979265,0.544,0.0
21359.95721041123,0.528,-0.008
21359.9574768432,0.528,-0.008
21359.957743275165,0.544,0.0
21359.958009707134,0.528,-0.008
21359.9582761391,0.544,0.0
21359.95854257107,0.528,0.0
21359.958809003034,0.544,-0.016
21359.959075435003,0.528,-0.008
21359.95934186697,0.536,0.0
21359.959608298937,0.528,0.0
21359.959874730906,0.544,-0.008
21359.960141162872,0.528,0.0
21359.96040759484,0.544,-0.008
21359.960674026806,0.528,-0.008
21359.960940458775,0.544,0.0
21359.96120689074,0.544,-0.008
21359.96147332271,0.52,0.0
21359.961739754675,0.52,0.0
21359.962006186644,0.536,-0.008
21359.96227261861,0.52,0.0
21359.96253905058,0.536,-0.008
21359.962805482548,0.536,0.0
21359.963071914513,0.52,-0.008
21359.963338346482,0.528,-0.016
21359.963604778448,0.512,0.0
21359.963871210417,0.512,0.0
21359.964137642382,0.528,-0.016
21359.96440407435,0.512,-0.008
21359.964670506317,0.528,0.0
21359.964936938286,0.512,0.0
21359.965203370255,0.536,-0.008
21359.96546980222,0.536,0.0
21359.96573623419,0.52,-0.008
21359.966002666155,0.512,0.0
21359.966269098124,0.536,-0.008
21359.96653553009,0.52,0.0
21359.96680196206,0.544,-0.016
21359.967068394024,0.544,0.0
21359.967334825993,0.512,-0.008
21359.96760125796,0.528,0.0
21359.967867689928,0.512,-0.016
21359.968134121897,0.52,-0.016
21359.968400553862,0.512,0.0
21359.96866698583,0.512,0.0
21359.968933417797,0.528,-0.016
21359.969199849766,0.52,0.0
21359.96946628173,0.544,-0.016
21359.9697327137,0.52,0.0
21359.969999145665,0.544,-0.008
21359.970265577635,0.512,0.0
21359.9705320096,0.528,-0.008
21359.97079844157,0.52,0.0
21359.971064873538,0.512,-0.016
21359.971331305504,0.512,0.0
21359.971597737473,0.528,-0.008
21359.971864169438,0.512,0.0
21359.972130601407,0.536,-0.008
21359.972397033373,0.52,0.0
21359.97266346534,0.536,-0.016
21359.972929897307,0.52,-0.008
21359.973196329276,0.536,0.0
21359.97346276124,0.528,0.0
21359.97372919321,0.512,-0.016
21359.97399562518,0.52,0.0
21359.974262057145,0.536,-0.016
21359.974528489114,0.528,0.0
21359.97479492108,0.544,-0.016
21359.97506135305,0.528,0.0
21359.975327785014,0.512,-0.016
21359.975594216983,0.512,-0.008
21359.97586064895,0.528,0.0
21359.976127080918,0.512,0.0
21359.976393512883,0.544,-0.008
21359.976659944852,0.536,0.0
21359.97692637682,0.52,-0.016
21359.977192808787,0.544,0.0
21359.977459240756,0.52,-0.016
21359.97772567272,0.512,-0.016
21359.97799210469,0.536,0.0
21359.978258536656,0.528,-0.008
21359.978524968625,0.536,0.0
21359.97879140059,0.528,0.0
21359.97905783256,0.536,-0.016
21359.979324264525,0.544,0.0
21359.979590696494,0.528,-0.016
21359.979857128463,0.528,-0.016
21359.98012356043,0.536,0.0
21359.980389992397,0.528,-0.016
21359.980656424363,0.544,0.0
21359.98092285633,0.544,-0.008
21359.981189288297,0.528,0.0
21359.981455720266,0.544,0.0
21359.98172215223,0.528,-0.016
21359.9819885842,0.536,-0.016
21359.982255016166,0.528,0.0
21359.982521448135,0.528,0.0
21359.982787880104,0.544,-0.016
21359.98305431207,0.536,-0.008
21359.98332074404,0.528,0.0
21359.983587176004,0.528,0.0
21359.983853607973,0.544,-0.016
21359.98412003994,0.528,0.0
21359.984386471908,0.544,-0.016
21359.984652903873,0.528,0.0
21359.984919335842,0.544,-0.016
21359.98518576781,0.528,-0.016
21359.985452199777,0.544,0.0
21359.985718631746,0.536,0.0
21359.98598506371,0.528,-0.016
21359.98625149568,0.536,0.0
21359.986517927646,0.528,-0.016
21359.986784359615,0.528,-0.016
21359.98705079158,0.544,0.0
21359.98731722355,0.528,0.0
21359.987583655515,0.544,-0.016
21359.987850087484,0.528,-0.016
21359.988116519453,0.552,0.0
21359.98838295142,0.528,-0.016
21359.988649383387,0.544,0.0
21359.988915815353,0.544,-0.016
21359.989182247322,0.528,0.0
21359.989448679287,0.528,0.0
21359.989715111256,0.544,-0.016
21359.98998154322,0.528,-0.016
21359.99024797519,0.544,0.0
21359.990514407156,0.544,0.0
21359.990780839125,0.528,-0.016
21359.991047271094,0.528,0.0
21359.99131370306,0.544,-0.016
21359.99158013503,0.528,0.0
21359.991846566994,0.536,-0.016
21359.992112998963,0.528,0.0
21359.99237943093,0.544,-0.016
21359.992645862898,0.528,0.0
21359.992912294863,0.544,-0.016
21359.993178726832,0.544,0.0
21359.993445158798,0.528,-0.016
21359.993711590767,0.528,0.0
21359.993978022736,0.544,-0.016
21359.9942444547,0.528,0.0
21359.99451088667,0.536,-0.016
21359.994777318636,0.528,0.0
21359.995043750605,0.544,-0.016
21359.99531018257,0.528,0.0
21359.99557661454,0.536,-0.016
21359.995843046505,0.528,0.0
21359.996109478474,0.544,-0.016
21359.99637591044,0.528,0.0
21359.99664234241,0.544,-0.016
21359.996908774378,0.528,0.0
21359.997175206343,0.544,-0.016
21359.997441638312,0.528,0.0
21359.997708070277,0.544,-0.016
21359.997974502247,0.528,0.0
21359.998240934212,0.544,-0.016
21359.99850736618,0.52,-0.016
21359.998773798146,0.544,0.0
21359.999040230115,0.528,0.0
21359.99930666208,0.544,-0.016
21359.99957309405,0.544,0.0
21359.99983952602,0.528,-0.016
21360.000105957984,0.528,0.0
21360.000372389954,0.536,-0.016
21360.00063882192,0.528,0.0
21360.000905253888,0.544,-0.016
21360.001171685853,0.528,-0.016
21360.001438117823,0.544,0.0
21360.001704549788,0.528,0.0
21360.001970981757,0.544,-0.016
21360.002237413722,0.544,0.0
21360.00250384569,0.528,-0.016
21360.00277027766,0.528,0.0
21360.003036709626,0.544,-0.016
21360.003303141595,0.528,0.0
21360.00356957356,0.544,-0.008
21360.00383600553,0.528,-0.016
21360.004102437495,0.544,0.0
21360.004368869464,0.528,-0.016
21360.00463530143,0.544,0.0
21360.0049017334,0.528,0.0
21360.005168165368,0.536,-0.016
21360.005434597333,0.536,-0.016
21360.005701029302,0.528,0.0
21360.005967461268,0.536,0.0
21360.006233893237,0.528,-0.016
21360.006500325202,0.528,0.0
21360.00676675717,0.544,-0.016
21360.007033189137,0.544,-0.016
21360.007299621106,0.528,0.0
21360.00756605307,0.528,-0.016
21360.00783248504,0.544,0.0
21360.00809891701,0.528,-0.016
21360.008365348975,0.544,0.0
21360.008631780944,0.528,0.0
21360.00889821291,0.544,-0.016
21360.00916464488,0.536,0.0
21360.009431076844,0.52,-0.016
21360.009697508813,0.528,-0.016
21360.009963940778,0.544,0.0
21360.010230372747,0.528,0.0
21360.010496804713,0.536,-0.008
21360.01076323668,0.528,0.0
21360.01102966865,0.544,-0.016
21360.011296100616,0.528,0.0
21360.011562532585,0.544,-0.016
21360.01182896455,0.544,0.0
21360.01209539652,0.528,-0.008
21360.012361828485,0.544,-0.008
21360.012628260454,0.528,0.024
21360.01289469242,0.544,0.024
21360.01316112439,0.528,0.12
21360.013427556354,0.528,0.128
21360.013693988323,0.536,0.28
21360.013960420292,0.528,0.28800000000000003
21360.014226852258,0.544,0.36
21360.014493284227,0.544,0.36
21360.014759716192,0.52,0.384
21360.01502614816,0.544,0.384
21360.015292580127,0.528,0.392
21360.015559012096,0.528,0.392
21360.01582544406,0.536,0.392
21360.01609187603,0.528,0.392
21360.016358307996,0.544,0.4
21360.016624739965,0.528,0.4
21360.016891171934,0.544,0.392
21360.0171576039,0.528,0.392
21360.01742403587,0.544,0.4
21360.017690467834,0.528,0.4
21360.017956899803,0.544,0.392
21360.01822333177,0.528,0.392
21360.018489763737,0.544,0.4
21360.018756195703,0.528,0.4
21360.01902262767,0.536,0.392
21360.019289059637,0.528,0.392
21360.019555491606,0.544,0.4
21360.019821923575,0.536,0.392
21360.02008835554,0.528,0.40800000000000003
21360.02035478751,0.528,0.4
21360.020621219475,0.544,0.392
21360.020887651444,0.528,0.392
21360.02115408341,0.544,0.4
21360.02142051538,0.528,0.40800000000000003
21360.021686947344,0.536,0.392
21360.021953379313,0.528,0.4
21360.02221981128,0.536,0.392
21360.022486243248,0.536,0.392
21360.022752675217,0.528,0.4
21360.023019107182,0.528,0.392
21360.02328553915,0.544,0.4
21360.023551971117,0.544,0.392
21360.023818403086,0.528,0.40800000000000003
21360.02408483505,0.528,0.4
21360.02435126702,0.544,0.392
21360.024617698986,0.528,0.392
21360.024884130955,0.544,0.4
21360.025150562924,0.528,0.392
21360.02541699489,0.544,0.40800000000000003
21360.02568342686,0.528,0.392
21360.025949858824,0.544,0.4
21360.026216290793,0.536,0.392
21360.02648272276,0.528,0.40800000000000003
21360.026749154727,0.528,0.4
21360.027015586693,0.544,0.392
21360.027282018662,0.528,0.392
21360.027548450627,0.544,0.4
21360.027814882596,0.528,0.4
21360.028081314565,0.544,0.392
21360.02834774653,0.528,0.392
21360.0286141785,0.544,0.40800000000000003
21360.028880610465,0.528,0.392
21360.029147042434,0.544,0.4
21360.0294134744,0.528,0.392
21360.02967990637,0.544,0.4
21360.029946338334,0.544,0.4
21360.030212770303,0.528,0.392
21360.03047920227,0.544,0.40800000000000003
21360.030745634238,0.528,0.392
21360.031012066207,0.544,0.40800000000000003
21360.031278498172,0.528,0.392
21360.03154493014,0.528,0.392
21360.031811362107,0.544,0.4
21360.032077794076,0.536,0.392
21360.03234422604,0.528,0.40800000000000003
21360.03261065801,0.528,0.392
21360.032877089976,0.536,0.4
21360.033143521945,0.528,0.4
21360.03340995391,0.536,0.384
21360.03367638588,0.528,0.392
21360.03394281785,0.544,0.384
21360.034209249814,0.528,0.384
21360.034475681783,0.536,0.376
21360.03474211375,0.528,0.376
21360.035008545718,0.536,0.392
21360.035274977683,0.528,0.392
21360.035541409652,0.536,0.4
21360.035807841617,0.528,0.392
21360.036074273587,0.544,0.40800000000000003
21360.036340705552,0.536,0.392
21360.03660713752,0.528,0.4
21360.03687356949,0.528,0.392
21360.037140001456,0.536,0.4
21360.037406433425,0.528,0.392
21360.03767286539,0.544,0.40800000000000003
21360.03793929736,0.528,0.392
21360.038205729325,0.544,0.40800000000000003
21360.038472161294,0.528,0.4
21360.03873859326,0.536,0.392
21360.039005025228,0.528,0.392
21360.039271457194,0.544,0.40800000000000003
21360.039537889163,0.528,0.392
21360.03980432113,0.536,0.392
21360.040070753097,0.528,0.392
21360.040337185066,0.544,0.4
21360.04060361703,0.528,0.392
21360.040870049,0.544,0.40800000000000003
21360.041136480966,0.544,0.392
21360.041402912935,0.528,0.40800000000000003
21360.0416693449,0.544,0.392
21360.04193577687,0.52,0.4
21360.042202208835,0.528,0.392
21360.042468640804,0.52,0.4
21360.042735072773,0.528,0.392
21360.04300150474,0.512,0.4
21360.043267936708,0.512,0.392
21360.043534368673,0.536,0.4
21360.043800800642,0.52,0.4
21360.044067232608,0.544,0.392
21360.044333664577,0.52,0.392
21360.044600096542,0.536,0.4
21360.04486652851,0.52,0.4
21360.04513296048,0.544,0.392
21360.045399392446,0.528,0.392
21360.045665824415,0.512,0.4
21360.04593225638,0.52,0.4
21360.04619868835,0.544,0.392
21360.046465120315,0.528,0.392
21360.046731552284,0.544,0.4
21360.04699798425,0.544,0.392
21360.04726441622,0.528,0.40800000000000003
21360.047530848184,0.528,0.392
21360.047797280153,0.544,0.4
21360.04806371212,0.528,0.392
21360.048330144087,0.536,0.4
21360.048596576056,0.528,0.392
21360.04886300802,0.544,0.4
21360.04912943999,0.528,0.4
21360.049395871956,0.544,0.392
21360.049662303925,0.544,0.4
21360.04992873589,0.528,0.392
21360.05019516786,0.528,0.4
21360.050461599825,0.544,0.392
21360.050728031794,0.528,0.392
21360.050994463763,0.536,0.4
21360.05126089573,0.528,0.392
21360.051527327698,0.544,0.392
21360.051793759663,0.536,0.392
21360.052060191632,0.528,0.4
21360.052326623598,0.528,0.392
21360.052593055567,0.544,0.40800000000000003
21360.052859487532,0.528,0.392
21360.0531259195,0.544,0.4
21360.053392351467,0.528,0.392
21360.053658783436,0.544,0.4
21360.053925215405,0.528,0.4
21360.05419164737,0.544,0.392
21360.05445807934,0.528,0.4
21360.054724511305,0.544,0.392
21360.054990943274,0.528,0.4
21360.05525737524,0.544,0.392
21360.05552380721,0.528,0.392
21360.055790239174,0.536,0.4
21360.056056671143,0.544,0.392
21360.05632310311,0.528,0.4
21360.056589535077,0.536,0.4
21360.056855967046,0.528,0.392
21360.057122399012,0.52,0.4
21360.05738883098,0.544,0.392
21360.057655262946,0.52,0.392
21360.057921694915,0.536,0.40800000000000003
21360.05818812688,0.536,0.392
21360.05845455885,0.52,0.40800000000000003
21360.058720990815,0.52,0.392
21360.058987422784,0.536,0.40800000000000003
21360.05925385475,0.52,0.4
21360.05952028672,0.544,0.392
21360.059786718688,0.544,0.392
21360.060053150653,0.512,0.40800000000000003
21360.060319582622,0.528,0.4
21360.060586014588,0.512,0.392
21360.060852446557,0.52,0.4
21360.061118878522,0.536,0.392
21360.06138531049,0.544,0.392
21360.061651742457,0.512,0.4
21360.061918174426,0.52,0.4
21360.06218460639,0.536,0.392
21360.06245103836,0.536,0.392
21360.06271747033,0.528,0.4
21360.062983902295,0.528,0.392
21360.063250334264,0.544,0.4
21360.06351676623,0.528,0.392
21360.0637831982,0.544,0.4
21360.064049630164,0.528,0.392
21360.064316062133,0.544,0.4
21360.0645824941,0.528,0.392
21360.064848926067,0.544,0.4
21360.065115358037,0.528,0.392
21360.065381790002,0.544,0.4
21360.06564822197,0.528,0.4
21360.065914653936,0.536,0.392
21360.066181085906,0.528,0.392
21360.06644751787,0.544,0.4
21360.06671394984,0.528,0.4
21360.066980381805,0.536,0.392
21360.067246813775,0.528,0.4
21360.06751324574,0.544,0.392
21360.06777967771,0.52,0.392
21360.068046109678,0.544,0.40800000000000003
21360.068312541644,0.544,0.392
21360.068578973613,0.528,0.4
21360.068845405578,0.528,0.392
21360.069111837547,0.544,0.4
21360.069378269513,0.528,0.392
21360.06964470148,0.544,0.392
21360.069911133447,0.528,0.392
21360.070177565416,0.536,0.4
21360.07044399738,0.528,0.392
21360.07071042935,0.544,0.40800000000000003
21360.07097686132,0.528,0.392
21360.071243293285,0.544,0.4
21360.071509725254,0.528,0.392
21360.07177615722,0.544,0.392
21360.07204258919,0.528,0.392
21360.072309021154,0.536,0.4
21360.072575453123,0.528,0.4
21360.07284188509,0.544,0.392
21360.073108317058,0.528,0.392
21360.073374749023,0.544,0.4
21360.073641180992,0.528,0.392
21360.07390761296,0.544,0.4
21360.074174044927,0.528,0.4
21360.074440476896,0.544,0.392
21360.07470690886,0.528,0.392
21360.07497334083,0.544,0.4
21360.075239772796,0.528,0.392
21360.075506204765,0.536,0.392
21360.07577263673,0.528,0.392
21360.0760390687,0.544,0.40800000000000003
21360.076305500665,0.528,0.4
21360.076571932634,0.536,0.392
21360.076838364603,0.528,0.392
21360.077104796568,0.544,0.4
21360.077371228537,0.528,0.4
21360.077637660503,0.544,0.392
21360.07790409247,0.536,0.392
21360.078170524437,0.528,0.392
21360.078436956406,0.536,0.4
21360.07870338837,0.528,0.384
21360.07896982034,0.536,0.376
21360.079236252306,0.528,0.312
21360.079502684275,0.528,0.312
21360.079769116244,0.544,0.168
21360.08003554821,0.528,0.16
21360.08030198018,0.544,0.056
21360.080568412144,0.528,0.056
21360.080834844113,0.544,0.008
21360.08110127608,0.528,0.016
21360.081367708048,0.544,-0.008
21360.081634140013,0.544,-0.008
21360.081900571982,0.528,0.0
21360.082167003948,0.528,0.0
21360.082433435917,0.544,-0.008
21360.082699867886,0.528,-0.008
21360.08296629985,0.536,0.0
21360.08323273182,0.528,0.0
21360.083499163786,0.544,-0.008
21360.083765595755,0.544,0.0
21360.08403202772,0.528,-0.008
21360.08429845969,0.528,0.0
21360.084564891655,0.544,-0.008
21360.084831323624,0.528,0.0
21360.085097755593,0.544,-0.008
21360.08536418756,0.528,-0.008
21360.085630619527,0.544,0.0
21360.085897051493,0.528,0.0
21360.086163483462,0.544,-0.008
21360.086429915427,0.528,-0.008
21360.086696347396,0.544,0.0
21360.08696277936,0.544,-0.008
21360.08722921133,0.528,0.0
21360.087495643296,0.528,0.0
21360.087762075265,0.544,-0.008
21360.088028507234,0.528,0.0
21360.0882949392,0.544,-0.008
21360.08856137117,0.528,0.0
21360.088827803134,0.536,-0.008
21360.089094235103,0.536,-0.008
21360.08936066707,0.52,0.0
21360.089627099038,0.528,-0.008
21360.089893531003,0.536,0.0
21360.090159962972,0.528,0.0
21360.090426394938,0.544,-0.008
21360.090692826907,0.528,-0.008
21360.090959258876,0.544,0.0
21360.09122569084,0.528,-0.008
21360.09149212281,0.536,0.0
21360.091758554776,0.528,0.0
21360.092024986745,0.544,-0.016
21360.09229141871,0.528,0.0
21360.09255785068,0.544,-0.008
21360.092824282645,0.528,-0.008
21360.093090714614,0.544,0.0
21360.09335714658,0.528,-0.008
21360.09362357855,0.544,0.0
21360.093890010517,0.544,-0.008
21360.094156442483,0.528,0.0
21360.094422874452,0.528,0.0
21360.094689306417,0.544,-0.008
21360.094955738386,0.544,-0.008
21360.095222170352,0.528,0.0
21360.09548860232,0.528,-0.008
21360.095755034286,0.544,0.0
21360.096021466255,0.528,0.0
21360.09628789822,0.544,-0.016
21360.09655433019,0.528,-0.008
21360.09682076216,0.544,0.0
21360.097087194124,0.536,0.0
21360.097353626094,0.528,-0.016
21360.09762005806,0.528,-0.008
21360.097886490028,0.544,0.0
21360.098152921993,0.528,-0.008
21360.098419353963,0.544,0.0
21360.098685785928,0.528,0.0
21360.098952217897,0.544,-0.016
21360.099218649862,0.528,0.0
21360.09948508183,0.544,-0.016
21360.0997515138,0.528,0.0
21360.100017945766,0.544,-0.008
21360.100284377735,0.528,-0.008
21360.1005508097,0.544,0.0
21360.10081724167,0.528,0.0
21360.101083673635,0.544,-0.016
21360.101350105604,0.528,0.0
21360.10161653757,0.544,-0.016
21360.10188296954,0.528,-0.016
21360.102149401504,0.544,0.0
21360.102415833473,0.528,-0.016
21360.102682265442,0.536,0.0
21360.102948697408,0.528,-0.008
21360.103215129377,0.544,0.0
21360.103481561342,0.528,0.0
21360.10374799331,0.544,-0.016
21360.104014425277,0.528,0.0
21360.104280857246,0.544,-0.016
21360.10454728921,0.544,0.0
21360.10481372118,0.528,-0.016
21360.10508015315,0.536,0.0
21360.105346585115,0.52,-0.008
21360.105613017084,0.528,0.0
21360.10587944905,0.544,-0.016
21360.106145881018,0.536,-0.016
21360.106412312984,0.528,0.0
21360.106678744953,0.528,0.0
21360.106945176918,0.536,-0.016
21360.107211608887,0.528,-0.016
21360.107478040853,0.544,0.0
21360.10774447282,0.528,0.0
21360.10801090479,0.544,-0.016
21360.108277336756,0.528,0.0
21360.108543768725,0.544,-0.016
21360.10881020069,0.544,0.0
21360.10907663266,0.528,-0.016
21360.109343064625,0.528,-0.016
21360.109609496594,0.544,0.0
21360.10987592856,0.536,0.0
21360.11014236053,0.528,-0.016
21360.110408792494,0.528,0.0
21360.110675224463,0.544,-0.016
21360.110941656432,0.528,0.0
21360.111208088398,0.544,-0.016
21360.111474520367,0.528,0.0
21360.111740952332,0.544,-0.016
21360.1120073843,0.544,-0.008
21360.112273816267,0.528,0.0
21360.112540248236,0.528,0.0
21360.1128066802,0.544,-0.016
21360.11307311217,0.528,0.0
21360.113339544136,0.544,-0.016
21360.113605976105,0.528,-0.008
21360.113872408074,0.544,0.0
21360.11413884004,0.544,-0.008
21360.11440527201,0.528,0.0
21360.114671703974,0.528,0.0
21360.114938135943,0.544,-0.016
21360.11520456791,0.544,0.0
21360.115470999877,0.528,-0.016
21360.115737431843,0.536,0.0
21360.11600386381,0.528,-0.016
21360.116270295777,0.536,0.0
21360.116536727746,0.52,-0.016
21360.116803159715,0.52,0.0
21360.11706959168,0.528,-0.016
21360.11733602365,0.52,0.0
21360.117602455615,0.536,-0.016
21360.117868887584,0.528,0.0
21360.11813531955,0.52,-0.016
21360.11840175152,0.536,0.0
21360.118668183484,0.512,-0.016
21360.118934615453,0.512,0.0
21360.11920104742,0.536,-0.016
21360.119467479388,0.536,-0.008
21360.119733911357,0.52,0.0
21360.120000343322,0.528,0.0
21360.12026677529,0.536,-0.016
21360.120533207257,0.512,0.0
21360.120799639226,0.528,-0.016
21360.12106607119,0.536,0.0
21360.12133250316,0.512,-0.008
21360.121598935126,0.52,-0.008
21360.121865367095,0.512,0.0
21360.12213179906,0.512,-0.016
21360.12239823103,0.528,0.0
21360.122664663,0.52,-0.016
21360.122931094964,0.536,0.0
21360.123197526933,0.536,0.0
21360.1234639589,0.52,-0.016
21360.123730390867,0.528,0.0
21360.123996822833,0.512,-0.016
21360.124263254802,0.512,-0.016
21360.124529686767,0.528,0.0
21360.124796118736,0.52,0.0
21360.125062550705,0.536,-0.016
21360.12532898267,0.544,0.0
21360.12559541464,0.52,-0.016
21360.125861846605,0.52,0.0
21360.126128278574,0.512,-0.016
21360.12639471054,0.512,-0.016
21360.12666114251,0.528,0.0
21360.126927574474,0.52,-0.016
21360.127194006443,0.536,0.0
21360.12746043841,0.52,-0.008
21360.127726870378,0.536,0.0
21360.127993302347,0.52,0.0
21360.128259734312,0.536,-0.016
21360.12852616628,0.544,0.0
21360.128792598247,0.512,-0.016
21360.129059030216,0.52,0.0
21360.12932546218,0.536,-0.016
21360.12959189415,0.52,0.0
21360.129858326116,0.512,-0.016
21360.130124758085,0.512,0.0
21360.13039119005,0.528,-0.016
21360.13065762202,0.528,0.0
21360.13092405399,0.512,-0.016
21360.131190485954,0.512,0.0
21360.131456917923,0.528,-0.016
21360.13172334989,0.52,-0.016
21360.131989781858,0.536,0.0
21360.132256213823,0.536,0.0
21360.132522645792,0.512,-0.016
21360.132789077757,0.512,0.0
21360.133055509727,0.528,-0.016
21360.133321941692,0.512,0.0
21360.13358837366,0.528,-0.008
21360.13385480563,0.528,-0.016
21360.134121237596,0.52,0.0
21360.134387669565,0.52,0.0
21360.13465410153,0.536,-0.016
21360.1349205335,0.512,0.0
21360.135186965465,0.528,-0.016
21360.135453397434,0.528,-0.016
21360.1357198294,0.512,0.0
21360.135986261368,0.512,-0.016
21360.136252693334,0.528,0.0
21360.136519125303,0.52,0.0
21360.13678555727,0.536,-0.016
21360.137051989237,0.552,0.0
21360.137318421206,0.512,-0.016
21360.13758485317,0.528,-0.016
21360.13785128514,0.512,0.0
21360.138117717106,0.512,0.0
21360.138384149075,0.528,-0.016
21360.13865058104,0.52,0.0
21360.13891701301,0.536,-0.016
21360.139183444975,0.536,0.0
21360.139449876944,0.512,-0.016
21360.139716308913,0.536,0.0
21360.13998274088,0.52,-0.016
21360.140249172848,0.536,-0.016
21360.140515604813,0.52,0.0
21360.140782036782,0.52,0.0
21360.141048468748,0.544,-0.016
21360.141314900717,0.536,0.0
21360.141581332682,0.512,-0.016
21360.14184776465,0.52,-0.016
21360.142114196617,0.536,0.0
21360.142380628586,0.52,0.0
21360.142647060555,0.536,-0.016
21360.14291349252,0.52,-0.016
21360.14317992449,0.536,0.0
21360.143446356455,0.544,0.0
21360.143712788424,0.512,-0.016
21360.14397922039,0.52,0.0
21360.14424565236,0.536,-0.016
21360.144512084324,0.536,0.0
21360.144778516293,0.52,-0.016
21360.14504494826,0.528,0.0
21360.145311380227,0.52,-0.016
21360.145577812196,0.536,-0.008
21360.14584424416,0.52,0.024
21360.14611067613,0.52,0.016
21360.146377108096,0.528,0.12
21360.146643540065,0.52,0.128
21360.14690997203,0.536,0.28
21360.147176404,0.528,0.28800000000000003
21360.147442835965,0.52,0.36
21360.147709267934,0.52,0.36
21360.147975699903,0.544,0.384
21360.14824213187,0.512,0.384
21360.148508563838,0.528,0.4
21360.148774995803,0.528,0.392
21360.149041427772,0.544,0.4
21360.149307859738,0.528,0.392
21360.149574291707,0.52,0.392
21360.149840723672,0.512,0.392
21360.15010715564,0.544,0.40800000000000003
21360.150373587607,0.544,0.392
21360.150640019576,0.528,0.4
21360.150906451545,0.536,0.392
21360.15117288351,0.528,0.40800000000000003
21360.15143931548,0.528,0.392
21360.151705747445,0.544,0.40800000000000003
21360.151972179414,0.528,0.40800000000000003
21360.15223861138,0.544,0.392
21360.15250504335,0.528,0.4
21360.152771475314,0.544,0.392
21360.153037907283,0.528,0.392
21360.15330433925,0.544,0.4
21360.153570771217,0.536,0.392
21360.153837203186,0.528,0.4
21360.154103635152,0.528,0.392
21360.15437006712,0.544,0.40800000000000003
21360.154636499086,0.528,0.392
21360.154902931055,0.544,0.40800000000000003
21360.15516936302,0.528,0.392
21360.15543579499,0.544,0.4
21360.155702226955,0.528,0.392
21360.155968658924,0.544,0.4
21360.15623509089,0.528,0.4
21360.15650152286,0.544,0.392
21360.156767954828,0.528,0.392
21360.157034386793,0.544,0.40800000000000003
21360.157300818762,0.544,0.40800000000000003
21360.157567250728,0.528,0.392
21360.157833682697,0.528,0.392
21360.158100114662,0.544,0.4
21360.15836654663,0.528,0.392
21360.158632978597,0.544,0.4
21360.158899410566,0.544,0.392
21360.15916584253,0.528,0.4
21360.1594322745,0.528,0.392
21360.15969870647,0.544,0.4
21360.159965138435,0.544,0.392
21360.160231570404,0.528,0.4
21360.16049800237,0.528,0.392
21360.16076443434,0.544,0.4
21360.161030866304,0.528,0.4
21360.161297298273,0.544,0.392
21360.16156373024,0.544,0.4
21360.161830162207,0.528,0.392
21360.162096594173,0.528,0.4
21360.162363026142,0.544,0.392
21360.16262945811,0.528,0.392
21360.162895890076,0.536,0.4
21360.163162322046,0.536,0.392
21360.16342875401,0.528,0.40800000000000003
21360.16369518598,0.528,0.392
21360.163961617945,0.552,0.4
21360.164228049915,0.528,0.392
21360.16449448188,0.544,0.4
21360.16476091385,0.528,0.392
21360.165027345818,0.544,0.4
21360.165293777784,0.544,0.392
21360.165560209753,0.528,0.40800000000000003
21360.165826641718,0.528,0.4
21360.166093073687,0.544,0.392
21360.166359505653,0.544,0.4
21360.16662593762,0.528,0.392
21360.166892369587,0.528,0.392
21360.167158801556,0.544,0.4
21360.16742523352,0.528,0.4
21360.16769166549,0.544,0.392
21360.16795809746,0.528,0.4
21360.168224529425,0.544,0.392
21360.168490961394,0.544,0.392
21360.16875739336,0.528,0.4
21360.16902382533,0.544,0.392
21360.169290257294,0.528,0.4
21360.169556689263,0.544,0.392
21360.16982312123,0.528,0.40800000000000003
21360.170089553198,0.528,0.392
21360.170355985163,0.544,0.4
21360.170622417132,0.528,0.4
21360.1708888491,0.544,0.392
21360.171155281067,0.528,0.4
21360.171421713036,0.544,0.392
21360.171688145,0.528,0.392
21360.17195457697,0.544,0.40800000000000003
21360.172221008936,0.544,0.392
21360.172487440905,0.528,0.392
21360.17275387287,0.536,0.392
21360.17302030484,0.528,0.4
21360.173286736805,0.528,0.392
21360.173553168774,0.536,0.4
21360.173819600743,0.528,0.384
21360.174086032708,0.544,0.4
21360.174352464677,0.52,0.384
21360.174618896643,0.544,0.392
21360.17488532861,0.528,0.392
21360.175151760577,0.544,0.4
21360.175418192546,0.528,0.4
21360.17568462451,0.544,0.392
21360.17595105648,0.544,0.392
21360.176217488446,0.528,0.384
21360.176483920415,0.544,0.384
21360.176750352384,0.528,0.384
21360.17701678435,0.528,0.376
21360.17728321632,0.536,0.392
21360.177549648284,0.544,0.392
21360.177816080253,0.528,0.384
21360.17808251222,0.536,0.384
21360.178348944188,0.528,0.392
21360.178615376153,0.528,0.384
21360.178881808122,0.544,0.4
21360.179148240088,0.528,0.4
21360.179414672057,0.544,0.384
21360.179681104026,0.528,0.384
21360.17994753599,0.544,0.392
21360.18021396796,0.528,0.376
21360.180480399926,0.544,0.392
21360.180746831895,0.528,0.392
21360.18101326386,0.536,0.4
21360.18127969583,0.528,0.384
21360.181546127795,0.536,0.4
21360.181812559764,0.528,0.384
21360.18207899173,0.544,0.4
21360.1823454237,0.544,0.384
21360.182611855667,0.528,0.392
21360.182878287633,0.528,0.384
21360.183144719602,0.544,0.376
21360.183411151567,0.528,0.384
21360.183677583536,0.544,0.40800000000000003
21360.1839440155,0.528,0.392
21360.18421044747,0.536,0.4
21360.184476879436,0.544,0.40800000000000003
21360.184743311405,0.528,0.392
21360.185009743374,0.528,0.392
21360.18527617534,0.544,0.40800000000000003
21360.18554260731,0.528,0.392
21360.185809039274,0.544,0.40800000000000003
21360.186075471243,0.544,0.392
21360.18634190321,0.528,0.4
21360.186608335178,0.528,0.392
21360.186874767143,0.544,0.40800000000000003
21360.187141199112,0.544,0.4
21360.187407631078,0.528,0.392
21360.187674063047,0.528,0.392
21360.187940495016,0.544,0.40800000000000003
21360.18820692698,0.528,0.40800000000000003
21360.18847335895,0.544,0.392
21360.188739790916,0.544,0.392
21360.189006222885,0.528,0.4
21360.18927265485,0.536,0.4
21360.18953908682,0.528,0.392
21360.189805518785,0.536,0.392
21360.190071950754,0.528,0.392
21360.19033838272,0.536,0.392
21360.19060481469,0.528,0.4
21360.190871246657,0.528,0.392
21360.191137678623,0.544,0.4
21360.191404110592,0.528,0.40800000000000003
21360.191670542557,0.544,0.384
21360.191936974526,0.528,0.384
21360.192203406492,0.544,0.392
21360.19246983846,0.528,0.384
21360.192736270426,0.544,0.392
21360.193002702395,0.528,0.4
21360.19326913436,0.544,0.384
21360.19853425026,0.528,-0.016
21360.19878008425,0.544,0.0
21360.199025918246,0.528,-0.008
21360.199271752237,0.544,-0.016
21360.199517586232,0.536,-0.016
21360.199763420223,0.528,0.0
21360.20000925422,0.528,-0.016
21360.20025508821,0.536,0.0
21360.200500922205,0.528,-0.016
21360.200746756196,0.544,-0.008
21360.200992590188,0.528,-0.008
21360.201238424183,0.544,-0.016
21360.201484258174,0.528,-0.016
21360.20173009217,0.536,0.0
21360.20197592616,0.528,-0.016
21360.202221760155,0.536,0.0
21360.202467594147,0.528,-0.016
21360.202713428138,0.544,0.0
21360.202959262133,0.528,-0.016
21360.203205096124,0.544,0.0
21360.20345093012,0.528,-0.008
21360.20369676411,0.544,0.024
21360.203942598106,0.528,0.024
21360.204188432097,0.544,0.12
21360.204434266092,0.536,0.128
21360.204680100083,0.528,0.28800000000000003
21360.204925934075,0.528,0.28800000000000003
21360.20517176807,0.544,0.36
21360.20541760206,0.544,0.36
21360.205663436056,0.528,0.392
21360.205909270047,0.544,0.384
21360.206155104042,0.528,0.40800000000000003
21360.206400938034,0.528,0.40800000000000003
21360.20664677203,0.544,0.392
21360.20689260602,0.536,0.392
21360.20713844001,0.528,0.40800000000000003
21360.207384274006,0.528,0.40800000000000003
21360.207630107998,0.536,0.392
21360.207875941993,0.528,0.392
21360.208121775984,0.536,0.40800000000000003
21360.20836760998,0.528,0.392
21360.20861344397,0.544,0.40800000000000003
21360.208859277962,0.528,0.392
21360.209105111957,0.544,0.4
21360.20935094595,0.528,0.40800000000000003
21360.209596779943,0.544,0.392
21360.209842613935,0.528,0.4
21360.21008844793,0.544,0.392
21360.21033428192,0.536,0.384
21360.210580115916,0.52,0.40800000000000003
21360.210825949907,0.544,0.4
21360.2110717839,0.512,0.41600000000000004
21360.211317617894,0.536,0.392
21360.211563451885,0.52,0.40800000000000003
21360.21180928588,0.512,0.392
21360.21205511987,0.536,0.40800000000000003
21360.212300953866,0.512,0.40800000000000003
21360.212546787858,0.528,0.41600000000000004
21360.212792621853,0.52,0.41600000000000004
21360.213038455844,0.536,0.4
21360.213284289835,0.544,0.4
21360.21353012383,0.52,0.41600000000000004
21360.21377595782,0.52,0.4
21360.214021791817,0.536,0.41600000000000004
21360.214267625808,0.536,0.40800000000000003
21360.214513459803,0.52,0.4
21360.214759293794,0.52,0.4
21360.215005127786,0.536,0.41600000000000004
21360.21525096178,0.544,0.4
21360.215496795772,0.52,0.41600000000000004
21360.215742629767,0.512,0.4
21360.21598846376,0.536,0.40800000000000003
21360.216234297754,0.512,0.392
21360.216480131745,0.528,0.40800000000000003
21360.21672596574,0.512,0.4
21360.21697179973,0.528,0.392
21360.217217633723,0.512,0.392
21360.217463467718,0.528,0.4
21360.21770930171,0.512,0.392
21360.217955135704,0.528,0.40800000000000003
21360.218200969695,0.52,0.4
21360.21844680369,0.536,0.384
21360.21869263768,0.52,0.392
21360.218938471677,0.536,0.41600000000000004
21360.219184305668,0.528,0.4
21360.21943013966,0.512,0.40800000000000003
21360.219675973654,0.52,0.4
21360.219921807646,0.536,0.41600000000000004
21360.22016764164,0.52,0.41600000000000004
21360.220413475632,0.544,0.4
21360.220659309627,0.536,0.4
21360.22090514362,0.512,0.41600000000000004
21360.22115097761,0.52,0.4
21360.221396811605,0.544,0.41600000000000004
21360.221642645596,0.544,0.4
21360.22188847959,0.528,0.41600000000000004
21360.222134313583,0.536,0.4
21360.222380147577,0.528,0.41600000000000004
21360.22262598157,0.528,0.40800000000000003
21360.222871815564,0.544,0.41600000000000004
21360.223117649555,0.528,0.41600000000000004
21360.223363483547,0.544,0.4
21360.22360931754,0.528,0.4
21360.223855151533,0.544,0.41600000000000004
21360.224100985528,0.528,0.41600000000000004
21360.22434681952,0.544,0.40800000000000003
21360.224592653514,0.528,0.4
21360.224838487506,0.536,0.41600000000000004
21360.2250843215,0.536,0.4
21360.225330155492,0.528,0.41600000000000004
21360.225575989483,0.528,0.4
21360.22582182348,0.544,0.40800000000000003
21360.22606765747,0.544,0.4
21360.226313491465,0.528,0.41600000000000004
21360.226559325456,0.544,0.4
21360.22680515945,0.528,0.41600000000000004
21360.227050993442,0.528,0.41600000000000004
21360.227296827434,0.544,0.4
21360.22754266143,0.528,0.4
21360.22778849542,0.544,0.41600000000000004
21360.228034329415,0.528,0.41600000000000004
21360.228280163406,0.544,0.4
21360.2285259974,0.528,0.41600000000000004
21360.228771831393,0.544,0.4
21360.229017665388,0.528,0.4
21360.22926349938,0.544,0.41600000000000004
21360.22950933337,0.528,0.4
21360.229755167366,0.544,0.41600000000000004
21360.230001001357,0.528,0.4
21360.230246835352,0.544,0.41600000000000004
21360.230492669343,0.544,0.4
21360.23073850334,0.52,0.41600000000000004
21360.23098433733,0.52,0.41600000000000004
21360.231230171325,0.536,0.4
21360.231476005316,0.536,0.40800000000000003
21360.231721839307,0.52,0.4
21360.231967673302,0.544,0.4
21360.232213507294,0.528,0.41600000000000004
21360.23245934129,0.528,0.4
21360.23270517528,0.544,0.41600000000000004
21360.232951009275,0.536,0.4
21360.233196843266,0.528,0.41600000000000004
21360.233442677258,0.536,0.41600000000000004
21360.233688511253,0.528,0.4
21360.233934345244,0.528,0.41600000000000004
21360.23418017924,0.544,0.4
21360.23442601323,0.528,0.40800000000000003
21360.234671847225,0.544,0.4
21360.234917681217,0.528,0.4
21360.23516351521,0.544,0.40800000000000003
21360.235409349203,0.528,0.4
21360.235655183194,0.544,0.41600000000000004
21360.23590101719,0.528,0.41600000000000004
21360.23614685118,0.544,0.4
21360.236392685176,0.528,0.4
21360.236638519167,0.544,0.41600000000000004
21360.236884353162,0.528,0.40800000000000003
21360.237130187154,0.544,0.41600000000000004
21360.23737602115,0.528,0.41600000000000004
21360.23762185514,0.544,0.4
21360.23786768913,0.528,0.4
21360.238113523126,0.544,0.41600000000000004
21360.238359357118,0.528,0.41600000000000004
21360.238605191113,0.544,0.4
21360.238851025104,0.544,0.41600000000000004
21360.2390968591,0.528,0.4
21360.23934269309,0.544,0.40800000000000003
21360.23958852708,0.528,0.4
21360.239834361077,0.528,0.4
21360.240080195068,0.544,0.41600000000000004
21360.240326029063,0.528,0.4
21360.240571863054,0.544,0.41600000000000004
21360.24081769705,0.544,0.4
21360.24106353104,0.528,0.41600000000000004
21360.241309365036,0.528,0.4
21360.241555199027,0.544,0.41600000000000004
21360.24180103302,0.528,0.4
21360.242046867013,0.544,0.41600000000000004
21360.242292701005,0.528,0.4
21360.242538535,0.536,0.40800000000000003
21360.24278436899,0.536,0.4
21360.243030202986,0.528,0.41600000000000004
21360.243276036977,0.528,0.41600000000000004
21360.243521870972,0.544,0.4
21360.243767704964,0.528,0.4
21360.244013538955,0.544,0.41600000000000004
21360.24425937295,0.528,0.4
21360.24450520694,0.544,0.41600000000000004
21360.244751040937,0.528,0.4
21360.244996874928,0.544,0.41600000000000004
21360.245242708923,0.528,0.4
21360.245488542914,0.552,0.41600000000000004
21360.245734376906,0.528,0.4
21360.2459802109,0.544,0.41600000000000004
21360.246226044892,0.528,0.41600000000000004
21360.246471878887,0.536,0.4
21360.24671771288,0.544,0.41600000000000004
21360.246963546873,0.528,0.4
21360.247209380865,0.528,0.4
21360.24745521486,0.536,0.41600000000000004
21360.24770104885,0.528,0.4
21360.247946882842,0.544,0.41600000000000004
21360.248192716837,0.528,0.4
21360.24843855083,0.544,0.41600000000000004
21360.248684384824,0.528,0.4
21360.248930218815,0.544,0.41600000000000004
21360.24917605281,0.528,0.4
21360.2494218868,0.536,0.41600000000000004
21360.249667720796,0.528,0.4
21360.249913554788,0.544,0.41600000000000004
21360.25015938878,0.544,0.4
21360.250405222774,0.52,0.41600000000000004
21360.250651056765,0.528,0.40800000000000003
21360.25089689076,0.544,0.40800000000000003
21360.251142724752,0.528,0.41600000000000004
21360.251388558747,0.544,0.4
21360.25163439274,0.536,0.41600000000000004
21360.25188022673,0.528,0.4
21360.252126060725,0.528,0.4
21360.252371894716,0.536,0.41600000000000004
21360.25261772871,0.528,0.41600000000000004
21360.252863562702,0.544,0.4
21360.253109396697,0.528,0.4
21360.25335523069,0.544,0.40800000000000003
21360.253601064684,0.528,0.4
21360.253846898675,0.544,0.40800000000000003
21360.254092732666,0.528,0.4
21360.25433856666,0.544,0.41600000000000004
21360.254584400653,0.528,0.4
21360.254830234648,0.544,0.41600000000000004
21360.25507606864,0.544,0.4
21360.255321902634,0.52,0.40800000000000003
21360.255567736625,0.528,0.4
21360.25581357062,0.544,0.41600000000000004
21360.25605940461,0.528,0.41600000000000004
21360.256305238603,0.544,0.4
21360.256551072598,0.528,0.4
21360.25679690659,0.536,0.41600000000000004
21360.257042740584,0.528,0.4
21360.257288574576,0.544,0.41600000000000004
21360.25753440857,0.544,0.4
21360.257780242562,0.528,0.41600000000000004
21360.258026076554,0.528,0.41600000000000004
21360.25827191055,0.544,0.4
21360.25851774454,0.528,0.4
21360.258763578535,0.544,0.41600000000000004
21360.259009412526,0.544,0.4
21360.25925524652,0.528,0.41600000000000004
21360.259501080513,0.536,0.4
21360.259746914508,0.528,0.40800000000000003
21360.2599927485,0.536,0.4
21360.26023858249,0.52,0.40800000000000003
21360.260484416485,0.528,0.4
21360.260730250477,0.536,0.392
21360.26097608447,0.544,0.392
21360.261221918463,0.528,0.40800000000000003
21360.261467752458,0.528,0.4
21360.26171358645,0.544,0.41600000000000004
21360.261959420444,0.544,0.4
21360.262205254436,0.528,0.41600000000000004
21360.262451088427,0.528,0.4
21360.262696922422,0.544,0.41600000000000004
21360.262942756413,0.528,0.41600000000000004
21360.26318859041,0.544,0.4
21360.2634344244,0.544,0.4
21360.263680258395,0.528,0.40800000000000003
21360.263926092386,0.528,0.4
21360.264171926377,0.544,0.41600000000000004
21360.264417760372,0.528,0.41600000000000004
21360.264663594364,0.544,0.392
21360.26490942836,0.536,0.384
21360.26515526235,0.528,0.328
21360.265401096345,0.544,0.32
21360.265646930337,0.528,0.168
21360.26589276433,0.544,0.16
21360.266138598323,0.528,0.048
21360.266384432314,0.544,0.048
21360.26663026631,0.528,0.008
21360.2668761003,0.528,0.008
21360.267121934296,0.544,-0.008
21360.267367768287,0.528,-0.008
21360.267613602282,0.544,0.0
21360.267859436273,0.544,-0.008
21360.26810527027,0.528,0.0
21360.26835110426,0.528,-0.008
21360.26859693825,0.544,0.0
21360.268842772246,0.528,0.0
21360.269088606237,0.536,-0.016
21360.269334440232,0.536,-0.016
21360.269580274224,0.528,0.0
21360.26982610822,0.536,0.0
21360.27007194221,0.528,-0.016
21360.2703177762,0.528,0.0
21360.270563610196,0.544,-0.016
21360.270809444188,0.528,0.0
21360.271055278183,0.544,-0.016
21360.271301112174,0.528,0.0
21360.27154694617,0.536,-0.016
21360.27179278016,0.528,-0.016
21360.272038614155,0.544,0.0
21360.272284448147,0.528,-0.016
21360.272530282138,0.544,0.0
21360.272776116133,0.528,-0.016
21360.273021950125,0.544,0.0
21360.27326778412,0.528,0.0
21360.27351361811,0.536,-0.016
21360.273759452106,0.528,-0.016
21360.274005286097,0.544,0.0
21360.274251120092,0.536,0.0
21360.274496954084,0.528,-0.016
21360.274742788075,0.528,-0.016
21360.27498862207,0.544,0.0
21360.27523445606,0.528,0.0
21360.275480290056,0.544,-0.016
21360.275726124048,0.528,0.0
21360.275971958043,0.544,-0.016
21360.276217792034,0.528,-0.016
21360.276463626025,0.544,0.0
21360.27670946002,0.536,-0.016
21360.27695529401,0.528,0.0
21360.277201128007,0.528,0.0
21360.277446961998,0.536,-0.016
21360.277692795993,0.528,0.0
21360.277938629984,0.544,-0.016
21360.27818446398,0.544,-0.016
21360.27843029797,0.528,0.0
21360.278676131962,0.528,-0.016
21360.278921965957,0.544,0.0
21360.27916779995,0.528,0.0
21360.279413633943,0.544,-0.016
21360.279659467935,0.528,-0.016
21360.27990530193,0.544,0.0
21360.28015113592,0.544,0.0
21360.280396969916,0.528,-0.016
21360.280642803908,0.528,-0.016
21360.2808886379,0.544,0.0
21360.281134471894,0.528,0.0
21360.281380305885,0.544,-0.016
21360.28162613988,0.544,-0.016
21360.28187197387,0.528,0.0
21360.282117807867,0.528,0.0
21360.282363641858,0.536,-0.016
21360.28260947585,0.528,-0.016
21360.282855309844,0.544,0.0
21360.283101143836,0.544,-0.016
21360.28334697783,0.528,0.0
21360.283592811822,0.528,0.0
21360.283838645817,0.544,-0.016
21360.28408447981,0.528,0.0
21360.284330313803,0.544,-0.016
21360.284576147795,0.528,-0.016
21360.284821981786,0.544,0.0
21360.28506781578,0.536,-0.016
21360.285313649772,0.528,0.0
21360.285559483767,0.528,-0.016
21360.28580531776,0.536,0.0
21360.286051151754,0.528,-0.016
21360.286296985745,0.544,0.0
21360.28654281974,0.528,-0.008
21360.28678865373,0.544,-0.016
21360.287034487723,0.528,-0.016
21360.287280321718,0.544,0.0
21360.28752615571,0.544,-0.016
21360.287771989704,0.528,0.0
21360.288017823696,0.528,-0.016
21360.28826365769,0.544,0.0
21360.288509491682,0.528,-0.016
21360.288755325673,0.544,-0.008
21360.28900115967,0.528,-0.016
21360.28924699366,0.544,0.0
21360.289492827655,0.528,-0.008
21360.289738661646,0.544,-0.016
21360.28998449564,0.544,-0.008
21360.290230329632,0.528,-0.016
21360.290476163627,0.528,-0.016
21360.29072199762,0.544,0.0
21360.29096783161,0.544,-0.016
21360.291213665605,0.528,-0.008
21360.291459499596,0.528,-0.016
21360.29170533359,0.544,0.0
21360.291951167583,0.528,-0.016
21360.292197001578,0.544,0.0
21360.29244283557,0.544,-0.016
21360.292688669564,0.528,-0.008
21360.292934503555,0.528,-0.016
21360.293180337547,0.544,-0.008
21360.29342617154,0.528,-0.016
21360.293672005533,0.544,0.0
21360.293917839528,0.528,-0.016
21360.29416367352,0.544,0.0
21360.294409507515,0.528,-0.016
21360.294655341506,0.544,0.0
21360.294901175497,0.528,0.0
21360.295147009492,0.536,-0.016
21360.295392843484,0.528,-0.016
21360.29563867748,0.544,0.0
21360.29588451147,0.528,-0.016
21360.296130345465,0.544,0.0
21360.296376179456,0.528,-0.016
21360.29662201345,0.544,0.0
21360.296867847443,0.528,-0.016
21360.297113681434,0.544,0.0
21360.29735951543,0.528,-0.016
21360.29760534942,0.544,0.0
21360.297851183415,0.528,0.0
21360.298097017407,0.544,-0.016
21360.2983428514,0.536,-0.016
21360.298588685393,0.528,-0.008
21360.298834519388,0.528,-0.008
21360.29908035338,0.544,-0.016
21360.29932618737,0.536,-0.016
21360.299572021366,0.528,-0.008
21360.299817855357,0.528,-0.016
21360.300063689352,0.544,0.0
21360.300309523343,0.544,-0.008
21360.30055535734,0.528,-0.016
21360.30080119133,0.528,-0.016
21360.30104702532,0.544,0.0
21360.301292859316,0.528,0.0
21360.301538693308,0.544,-0.016
21360.301784527303,0.528,-0.016
21360.302030361294,0.544,-0.008
21360.30227619529,0.528,0.0
21360.30252202928,0.536,-0.016
21360.302767863275,0.528,-0.008
21360.303013697267,0.544,-0.016
21360.303259531258,0.528,-0.016
21360.303505365253,0.544,-0.008
21360.303751199244,0.544,-0.016
21360.30399703324,0.528,0.0
21360.30424286723,0.528,-0.008
21360.304488701226,0.544,-0.016
21360.304734535217,0.528,-0.016
21360.304980369212,0.536,0.0
21360.305226203203,0.528,-0.016
21360.305472037195,0.544,0.0
21360.30571787119,0.528,-0.016
21360.30596370518,0.544,-0.008
21360.306209539176,0.528,-0.016
21360.306455373167,0.544,0.0
21360.306701207162,0.528,-0.016
21360.306947041154,0.544,0.0
21360.307192875145,0.528,-0.016
21360.30743870914,0.544,-0.008
21360.30768454313,0.528,-0.016
21360.307930377126,0.544,0.0
21360.308176211118,0.528,-0.008
21360.308422045113,0.544,-0.016
21360.308667879104,0.528,-0.016
21360.3089137131,0.544,-0.008
21360.30915954709,0.552,-0.016
21360.309405381082,0.528,0.0
21360.309651215077,0.528,0.0
21360.30989704907,0.536,-0.016
21360.310142883063,0.536,-0.016
21360.310388717055,0.528,0.0
21360.31063455105,0.528,-0.008
21360.31088038504,0.536,-0.016
21360.311126219036,0.528,-0.016
21360.311372053027,0.544,0.0
21360.31161788702,0.528,-0.016
21360.311863721014,0.544,-0.008
21360.312109555005,0.544,-0.016
21360.312355389,0.528,0.0
21360.31260122299,0.528,-0.008
21360.312847056986,0.544,-0.016
21360.313092890978,0.528,-0.008
21360.31333872497,0.544,-0.016
21360.313584558964,0.528,-0.016
21360.313830392955,0.544,-0.008
21360.31407622695,0.544,-0.016
21360.31432206094,0.52,-0.008
21360.314567894937,0.528,-0.008
21360.314813728928,0.544,-0.016
21360.315059562923,0.528,-0.008
21360.315305396914,0.544,-0.016
21360.315551230906,0.528,-0.016
21360.3157970649,0.544,-0.008
21360.316042898892,0.528,-0.008
21360.316288732887,0.544,-0.016
21360.31653456688,0.528,-0.016
21360.316780400874,0.544,-0.008
21360.317026234865,0.528,-0.016
21360.31727206886,0.544,0.0
21360.31751790285,0.528,-0.008
21360.317763736843,0.544,-0.016
21360.318009570838,0.528,-0.008
21360.31825540483,0.544,-0.016
21360.318501238824,0.528,-0.016
21360.318747072815,0.544,-0.008
21360.31899290681,0.528,-0.016
21360.3192387408,0.544,0.0
21360.319484574793,0.528,-0.008
21360.319730408788,0.536,-0.016
21360.31997624278,0.528,-0.016
21360.320222076774,0.536,0.0
21360.320467910766,0.536,-0.008
21360.32071374476,0.528,-0.016
21360.320959578752,0.528,-0.016
21360.321205412747,0.544,0.0
21360.32145124674,0.528,-0.016
21360.32169708073,0.536,0.0
21360.321942914725,0.528,0.0
21360.322188748716,0.544,-0.016
21360.32243458271,0.528,-0.016
21360.322680416702,0.544,0.0
21360.322926250697,0.528,0.0
21360.32317208469,0.544,-0.016
21360.323417918684,0.536,-0.008
21360.323663752675,0.528,-0.016
21360.323909586667,0.528,-0.016
21360.32415542066,0.544,0.0
21360.324401254653,0.528,-0.008
21360.324647088648,0.536,-0.016
21360.32489292264,0.528,-0.008
21360.325138756634,0.544,-0.016
21360.325384590626,0.528,-0.016
21360.325630424617,0.544,0.0
21360.325876258612,0.528,-0.016
21360.326122092603,0.544,0.0
21360.3263679266,0.528,-0.016
21360.32661376059,0.544,0.024
21360.326859594585,0.528,0.024
21360.327105428576,0.536,0.128
21360.32735126257,0.528,0.136
21360.327597096562,0.536,0.28
21360.327842930554,0.528,0.296
21360.32808876455,0.544,0.368
21360.32833459854,0.528,0.368
21360.328580432535,0.544,0.4
21360.328826266526,0.544,0.392
21360.32907210052,0.52,0.40800000000000003
21360.329317934513,0.544,0.4
21360.329563768508,0.528,0.41600000000000004
21360.3298096025,0.544,0.4
21360.33005543649,0.528,0.41600000000000004
21360.330301270486,0.528,0.4
21360.330547104477,0.544,0.41600000000000004
21360.330792938472,0.528,0.4
21360.331038772463,0.544,0.40800000000000003
21360.33128460646,0.544,0.4
21360.33153044045,0.528,0.392
21360.33177627444,0.528,0.392
21360.332022108436,0.544,0.41600000000000004
21360.332267942427,0.528,0.40800000000000003
21360.332513776422,0.536,0.4
21360.332759610414,0.528,0.4
21360.33300544441,0.544,0.41600000000000004
21360.3332512784,0.528,0.40800000000000003
21360.333497112395,0.544,0.392
21360.333742946386,0.544,0.392
21360.333988780378,0.528,0.40800000000000003
21360.334234614373,0.528,0.4
21360.334480448364,0.544,0.41600000000000004
21360.33472628236,0.528,0.4
21360.33497211635,0.536,0.41600000000000004
21360.335217950345,0.528,0.40800000000000003
21360.335463784337,0.544,0.41600000000000004
21360.33570961833,0.528,0.40800000000000003
21360.335955452323,0.536,0.392
21360.336201286314,0.528,0.40800000000000003
21360.33644712031,0.544,0.392
21360.3366929543,0.528,0.4
21360.336938788296,0.544,0.392
21360.337184622287,0.544,0.4
21360.337430456282,0.528,0.40800000000000003
21360.337676290274,0.528,0.40800000000000003
21360.337922124265,0.544,0.4
21360.33816795826,0.536,0.4
21360.33841379225,0.52,0.41600000000000004
21360.338659626246,0.52,0.4
21360.338905460238,0.536,0.41600000000000004
21360.339151294233,0.528,0.41600000000000004
21360.339397128224,0.512,0.4
21360.33964296222,0.536,0.4
21360.33988879621,0.52,0.41600000000000004
21360.3401346302,0.528,0.4
21360.340380464197,0.512,0.41600000000000004
21360.340626298188,0.52,0.4
21360.340872132183,0.536,0.40800000000000003
21360.341117966174,0.52,0.4
21360.34136380017,0.544,0.41600000000000004
21360.34160963416,0.536,0.40800000000000003
21360.341855468156,0.512,0.4
21360.342101302147,0.512,0.4
21360.34234713614,0.536,0.40800000000000003
21360.342592970133,0.52,0.4
21360.342838804125,0.544,0.41600000000000004
21360.34308463812,0.52,0.4
21360.34333047211,0.536,0.41600000000000004
21360.343576306106,0.52,0.4
21360.343822140097,0.544,0.41600000000000004
21360.34406797409,0.536,0.41600000000000004
21360.344313808084,0.52,0.4
21360.344559642075,0.536,0.40800000000000003
21360.34480547607,0.52,0.4
21360.34505131006,0.512,0.4
21360.345297144057,0.528,0.41600000000000004
21360.345542978048,0.52,0.4
21360.345788812043,0.528,0.41600000000000004
21360.346034646034,0.52,0.4
21360.346280480026,0.544,0.41600000000000004
21360.34652631402,0.544,0.41600000000000004
21360.346772148012,0.512,0.4
21360.347017982007,0.536,0.4
21360.347263816,0.52,0.41600000000000004
21360.347509649993,0.52,0.41600000000000004
21360.347755483985,0.528,0.4
21360.34800131798,0.544,0.4
21360.34824715197,0.512,0.41600000000000004
21360.348492985962,0.528,0.4
21360.348738819957,0.512,0.41600000000000004
21360.34898465395,0.528,0.40800000000000003
21360.349230487944,0.512,0.392
21360.349476321935,0.512,0.4
21360.34972215593,0.528,0.384
21360.34996798992,0.52,0.392
21360.350213823913,0.544,0.41600000000000004
21360.350459657908,0.528,0.40800000000000003
21360.3507054919,0.52,0.41600000000000004
21360.350951325894,0.52,0.41600000000000004
21360.351197159885,0.544,0.4
21360.35144299388,0.536,0.4
21360.351688827872,0.512,0.41600000000000004
21360.351934661867,0.528,0.4
21360.35218049586,0.544,0.40800000000000003
21360.35242632985,0.528,0.4
21360.352672163845,0.544,0.40800000000000003
21360.352917997836,0.528,0.4
21360.35316383183,0.544,0.41600000000000004
21360.353409665822,0.528,0.4
21360.353655499817,0.544,0.41600000000000004
21360.35390133381,0.528,0.4
21360.354147167804,0.544,0.41600000000000004
21360.354393001795,0.536,0.4
21360.354638835786,0.528,0.41600000000000004
21360.35488466978,0.528,0.4
21360.355130503773,0.544,0.41600000000000004
21360.355376337768,0.528,0.40800000000000003
21360.35562217176,0.544,0.4
21360.355868005754,0.528,0.4
21360.356113839745,0.544,0.41600000000000004
21360.356359673737,0.528,0.40800000000000003
21360.35660550773,0.544,0.4
21360.356851341723,0.536,0.41600000000000004
21360.357097175718,0.528,0.4
21360.35734300971,0.528,0.4
21360.357588843704,0.544,0.40800000000000003
21360.357834677696,0.544,0.4
21360.35808051169,0.528,0.41600000000000004
21360.358326345682,0.544,0.4
21360.358572179674,0.528,0.41600000000000004
21360.35881801367,0.528,0.4
21360.35906384766,0.544,0.40800000000000003
21360.359309681655,0.528,0.4
21360.359555515646,0.536,0.41600000000000004
21360.35980134964,0.528,0.4
21360.360047183633,0.544,0.41600000000000004
21360.360293017628,0.528,0.4
21360.36053885162,0.544,0.41600000000000004
21360.36078468561,0.528,0.4
21360.361030519605,0.544,0.41600000000000004
21360.361276353597,0.528,0.4
21360.36152218759,0.544,0.41600000000000004
21360.361768021583,0.528,0.40800000000000003
21360.362013855578,0.536,0.4
21360.36225968957,0.536,0.40800000000000003
21360.36250552356,0.52,0.4
21360.362751357556,0.528,0.4
21360.362997191547,0.52,0.40800000000000003
21360.363243025542,0.52,0.4
21360.363488859533,0.544,0.41600000000000004
21360.36373469353,0.512,0.40800000000000003
21360.36398052752,0.528,0.392
21360.364226361515,0.52,0.392
21360.364472195506,0.536,0.4
21360.364718029497,0.536,0.4
21360.364963863492,0.512,0.41600000000000004
21360.365209697484,0.512,0.4
21360.36545553148,0.528,0.41600000000000004
21360.36570136547,0.536,0.40800000000000003
21360.365947199465,0.52,0.4
21360.366193033457,0.536,0.41600000000000004
21360.36643886745,0.512,0.4
21360.366684701443,0.52,0.4
21360.366930535434,0.536,0.40800000000000003
21360.36717636943,0.528,0.4
21360.36742220342,0.52,0.41600000000000004
21360.367668037416,0.52,0.4
21360.367913871407,0.536,0.41600000000000004
21360.368159705402,0.52,0.41600000000000004
21360.368405539393,0.536,0.4
21360.368651373385,0.52,0.4
21360.36889720738,0.544,0.41600000000000004
21360.36914304137,0.536,0.4
21360.369388875366,0.512,0.40800000000000003
21360.369634709357,0.52,0.4
21360.369880543352,0.536,0.392
21360.370126377344,0.528,0.392
21360.37037221134,0.544,0.40800000000000003
21360.37061804533,0.52,0.392
21360.37086387932,0.544,0.4
21360.371109713316,0.528,0.392
21360.371355547308,0.544,0.4
21360.371601381303,0.528,0.4
21360.371847215294,0.536,0.41600000000000004
21360.37209304929,0.536,0.392
21360.37233888328,0.528,0.40800000000000003
21360.372584717275,0.536,0.392
21360.372830551267,0.528,0.4
21360.373076385258,0.52,0.392
21360.373322219253,0.544,0.40800000000000003
21360.373568053245,0.536,0.392
21360.37381388724,0.528,0.40800000000000003
21360.37405972123,0.536,0.392
21360.374305555226,0.528,0.40800000000000003
21360.374551389217,0.528,0.4
21360.37479722321,0.544,0.384
21360.375043057204,0.528,0.384
21360.375288891195,0.544,0.41600000000000004
21360.37553472519,0.528,0.4
21360.37578055918,0.536,0.40800000000000003
21360.376026393176,0.528,0.4
21360.376272227168,0.544,0.41600000000000004
21360.376518061163,0.528,0.41600000000000004
21360.376763895154,0.536,0.4
21360.377009729145,0.528,0.40800000000000003
21360.37725556314,0.544,0.4
21360.37750139713,0.528,0.40800000000000003
21360.377747231127,0.544,0.392
21360.377993065118,0.544,0.4
21360.378238899113,0.528,0.392
21360.378484733104,0.544,0.384
21360.3787305671,0.528,0.40800000000000003
21360.37897640109,0.544,0.4
21360.379222235082,0.528,0.41600000000000004
21360.379468069077,0.536,0.41600000000000004
21360.37971390307,0.528,0.4
21360.379959737063,0.528,0.4
21360.380205571055,0.544,0.41600000000000004
21360.38045140505,0.528,0.40800000000000003
21360.38069723904,0.544,0.4
21360.380943073033,0.544,0.4
21360.381188907028,0.528,0.41600000000000004
21360.38143474102,0.528,0.40800000000000003
21360.381680575014,0.544,0.4
21360.381926409005,0.544,0.4
21360.382172243,0.528,0.41600000000000004
21360.38241807699,0.544,0.4
21360.382663910987,0.528,0.41600000000000004
21360.382909744978,0.528,0.4
21360.38315557897,0.544,0.41600000000000004
21360.383401412964,0.528,0.4
21360.383647246956,0.544,0.41600000000000004
21360.38389308095,0.528,0.4
21360.384138914942,0.544,0.40800000000000003
21360.384384748937,0.528,0.41600000000000004
21360.38463058293,0.536,0.4
21360.384876416923,0.528,0.4
21360.385122250915,0.544,0.41600000000000004
21360.385368084906,0.528,0.41600000000000004
21360.3856139189,0.544,0.4
21360.385859752892,0.528,0.40800000000000003
21360.386105586887,0.544,0.41600000000000004
21360.38635142088,0.528,0.4
21360.386597254874,0.544,0.41600000000000004
21360.386843088865,0.536,0.4
21360.387088922856,0.52,0.41600000000000004
21360.38733475685,0.528,0.4
21360.387580590843,0.52,0.392
21360.387826424838,0.528,0.384
21360.38807225883,0.512,0.32
21360.388318092824,0.52,0.32
21360.388563926816,0.544,0.168
21360.38880976081,0.528,0.16
21360.389055594802,0.544,0.056
21360.389301428793,0.528,0.04
21360.38954726279,0.544,0.008
21360.38979309678,0.544,0.008
21360.390038930775,0.528,-0.008
21360.390284764766,0.528,0.0
21360.39053059876,0.544,-0.008
21360.390776432752,0.528,0.0
21360.391022266747,0.544,-0.016
21360.39126810074,0.528,0.0
21360.39151393473,0.536,-0.016
21360.391759768725,0.544,0.0
21360.392005602716,0.528,-0.016
21360.39225143671,0.528,0.0
21360.392497270703,0.536,-0.016
21360.392743104698,0.528,0.0
21360.39298893869,0.544,-0.016
21360.39323477268,0.528,0.0
21360.393480606675,0.544,-0.016
21360.393726440667,0.528,-0.016
21360.39397227466,0.544,0.0
21360.394218108653,0.544,0.0
21360.394463942648,0.528,-0.016
21360.39470977664,0.528,-0.016
21360.394955610634,0.544,0.0
21360.395201444626,0.544,-0.016
21360.395447278617,0.528,0.0
21360.395693112612,0.544,0.0
21360.395938946604,0.528,-0.016
21360.3961847806,0.528,0.0
21360.39643061459,0.544,-0.016
21360.396676448585,0.528,0.0
21360.396922282576,0.536,-0.016
21360.39716811657,0.536,0.0
21360.397413950563,0.528,-0.016
21360.397659784554,0.536,0.0
21360.39790561855,0.528,-0.016
21360.39815145254,0.528,0.0
21360.398397286535,0.544,-0.016
21360.398643120527,0.528,-0.016
21360.39888895452,0.544,0.0
21360.399134788513,0.528,-0.016
21360.399380622504,0.544,0.0
21360.3996264565,0.528,0.0
21360.39987229049,0.544,-0.016
21360.400118124486,0.528,-0.016
21360.400363958477,0.544,0.0
21360.400609792472,0.528,-0.016
21360.400855626463,0.536,0.0
21360.40110146046,0.528,-0.016
21360.40134729445,0.544,0.0
21360.40159312844,0.528,-0.016
21360.401838962436,0.536,0.0
21360.402084796428,0.528,-0.016
21360.402330630423,0.544,0.0
21360.402576464414,0.528,-0.016
21360.40282229841,0.544,0.0
21360.4030681324,0.544,-0.016
21360.403313966395,0.528,0.0
21360.403559800387,0.528,-0.016
21360.403805634378,0.544,0.0
21360.404051468373,0.528,-0.016
21360.404297302364,0.544,0.0
21360.40454313636,0.528,-0.016
21360.40478897035,0.536,0.0
21360.405034804346,0.528,0.0
21360.405280638337,0.544,-0.016
21360.40552647233,0.528,-0.016
21360.405772306323,0.544,0.0
21360.406018140315,0.528,-0.016
21360.40626397431,0.544,0.0
21360.4065098083,0.528,0.0
21360.406755642296,0.536,-0.016
21360.407001476287,0.528,-0.016
21360.407247310282,0.544,0.0
21360.407493144274,0.528,-0.016
21360.407738978265,0.544,-0.008
21360.40798481226,0.528,-0.016
21360.40823064625,0.544,0.0
21360.408476480246,0.544,-0.008
21360.408722314238,0.528,-0.016
21360.408968148233,0.528,0.0
21360.409213982224,0.544,-0.016
21360.40945981622,0.528,0.0
21360.40970565021,0.536,-0.016
21360.409951484202,0.528,-0.016
21360.410197318197,0.544,0.0
21360.41044315219,0.528,-0.016
21360.410688986183,0.536,0.0
21360.410934820175,0.528,-0.016
21360.41118065417,0.544,0.0
21360.41142648816,0.528,-0.016
21360.411672322152,0.544,0.0
21360.411918156147,0.528,-0.016
21360.41216399014,0.536,0.0
21360.412409824134,0.536,-0.016
21360.412655658125,0.52,0.0
21360.41290149212,0.528,0.0
21360.41314732611,0.536,-0.016
21360.413393160106,0.528,-0.016
21360.413638994098,0.544,0.0
21360.41388482809,0.528,-0.008
21360.414130662084,0.544,-0.016
21360.414376496075,0.528,-0.008
21360.41462233007,0.544,-0.016
21360.41486816406,0.528,-0.008
21360.415113998057,0.544,-0.016
21360.415359832048,0.536,-0.016
21360.415605666043,0.528,0.0
21360.415851500034,0.528,-0.008
21360.416097334026,0.544,-0.016
21360.41634316802,0.528,-0.016
21360.416589002012,0.536,0.0
21360.416834836007,0.528,-0.008
21360.41708067,0.544,-0.016
21360.417326503994,0.528,-0.008
21360.417572337985,0.544,-0.016
21360.417818171976,0.528,0.0
21360.41806400597,0.544,-0.016
21360.418309839963,0.528,-0.016
21360.418555673958,0.544,0.0
21360.41880150795,0.528,-0.016
21360.419047341944,0.544,0.0
21360.419293175935,0.528,-0.016
21360.41953900993,0.544,0.0
21360.41978484392,0.544,-0.016
21360.420030677913,0.528,0.0
21360.420276511908,0.544,0.0
21360.4205223459,0.528,-0.016
21360.420768179894,0.544,-0.008
21360.421014013886,0.528,-0.016
21360.42125984788,0.528,-0.016
21360.421505681872,0.544,0.0
21360.421751515867,0.528,-0.016
21360.42199734986,0.536,-0.008
21360.42224318385,0.528,-0.016
21360.422489017845,0.544,0.0
21360.422734851836,0.528,-0.016
21360.42298068583,0.536,-0.008
21360.423226519822,0.528,-0.016
21360.423472353817,0.544,0.0
21360.42371818781,0.528,-0.016
21360.4239640218,0.544,0.0
21360.424209855795,0.528,-0.016
21360.424455689787,0.536,0.0
21360.42470152378,0.528,-0.016
21360.424947357773,0.544,0.0
21360.425193191768,0.528,0.0
21360.42543902576,0.544,-0.016
21360.425684859754,0.544,-0.008
21360.425930693746,0.528,-0.016
21360.426176527737,0.528,-0.016
21360.426422361732,0.544,-0.008
21360.426668195723,0.544,-0.008
21360.42691402972,0.528,-0.016
21360.42715986371,0.528,-0.008
21360.427405697705,0.544,-0.016
21360.427651531696,0.528,-0.008
21360.42789736569,0.544,-0.016
21360.428143199682,0.528,-0.016
21360.428389033674,0.544,0.0
21360.42863486767,0.528,0.0
21360.42888070166,0.544,-0.016
21360.429126535655,0.528,-0.016
21360.429372369646,0.544,0.0
21360.42961820364,0.528,-0.016
21360.429864037633,0.536,-0.008
21360.430109871624,0.528,-0.008
21360.43035570562,0.544,-0.016
21360.43060153961,0.544,-0.008
21360.430847373606,0.528,-0.016
21360.431093207597,0.528,-0.008
21360.431339041592,0.544,-0.016
21360.431584875583,0.528,-0.016
21360.43183070958,0.536,0.0
21360.43207654357,0.528,-0.016
21360.43232237756,0.544,0.0
21360.432568211556,0.528,-0.008
21360.432814045547,0.544,-0.016
21360.433059879542,0.528,-0.016
21360.433305713534,0.544,-0.008
21360.43355154753,0.528,-0.016
21360.43379738152,0.544,0.0
21360.434043215515,0.528,-0.016
21360.434289049506,0.544,0.0
21360.434534883498,0.528,-0.016
21360.434780717493,0.536,-0.008
21360.435026551484,0.528,-0.016
21360.43527238548,0.544,-0.008
21360.43551821947,0.528,-0.008
21360.435764053465,0.544,-0.016
21360.436009887457,0.528,-0.016
21360.436255721448,0.544,0.0
21360.436501555443,0.528,-0.016
21360.436747389434,0.544,0.0
21360.43699322343,0.536,-0.008
21360.43723905742,0.528,-0.016
21360.437484891416,0.528,0.0
21360.437730725407,0.544,-0.016
21360.437976559402,0.528,-0.016
21360.438222393394,0.536,-0.008
21360.438468227385,0.528,-0.016
21360.43871406138,0.536,0.0
21360.43895989537,0.528,-0.016
21360.439205729366,0.544,0.0
21360.439451563358,0.528,-0.016
21360.439697397353,0.544,0.0
21360.439943231344,0.528,-0.016
21360.44018906534,0.544,-0.008
21360.44043489933,0.528,-0.016
21360.44068073332,0.544,0.0
21360.440926567317,0.528,-0.008
21360.441172401308,0.544,-0.016
21360.441418235303,0.536,-0.016
21360.441664069294,0.528,0.0
21360.44190990329,0.528,-0.016
21360.44215573728,0.544,-0.008
21360.442401571272,0.528,-0.008
21360.442647405267,0.544,-0.016
21360.44289323926,0.528,0.0
21360.443139073253,0.536,-0.016
21360.443384907245,0.544,-0.016
21360.44363074124,0.528,-0.008
21360.44387657523,0.528,-0.016
21360.444122409226,0.544,0.0
21360.444368243217,0.528,-0.016
21360.44461407721,0.544,0.0
21360.444859911204,0.528,0.0
21360.445105745195,0.544,-0.016
21360.44535157919,0.528,0.0
21360.44559741318,0.544,-0.016
21360.445843247177,0.528,-0.016
21360.446089081168,0.544,0.0
21360.446334915163,0.544,-0.008
21360.446580749154,0.52,-0.016
21360.446826583146,0.536,-0.016
21360.44707241714,0.512,-0.008
21360.447318251132,0.536,-0.016
21360.447564085127,0.52,-0.008
21360.44780991912,0.536,-0.016
21360.448055753113,0.52,-0.008
21360.448301587105,0.52,-0.016
21360.448547421096,0.536,0.0
21360.44879325509,0.52,-0.016
21360.449039089082,0.536,0.0
21360.449284923077,0.528,-0.008
21360.44953075707,0.512,0.024
21360.449776591064,0.536,0.024
21360.450022425055,0.512,0.136
21360.45026825905,0.512,0.136
21360.45051409304,0.528,0.28800000000000003
21360.450759927033,0.52,0.28
21360.451005761028,0.528,0.368
21360.45125159502,0.52,0.368
21360.451497429014,0.528,0.4
21360.451743263005,0.512,0.392
21360.451989097,0.536,0.4
21360.452234930992,0.512,0.4
21360.452480764987,0.536,0.40800000000000003
21360.45272659898,0.52,0.40800000000000003
21360.45297243297,0.528,0.4
21360.453218266965,0.544,0.4
21360.453464100956,0.52,0.40800000000000003
21360.45370993495,0.528,0.40800000000000003
21360.453955768942,0.512,0.4
21360.454201602937,0.52,0.40800000000000003
21360.45444743693,0.512,0.4
21360.45469327092,0.52,0.4
21360.454939104915,0.536,0.41600000000000004
21360.455184938906,0.544,0.4
21360.4554307729,0.512,0.40800000000000003
21360.455676606893,0.52,0.4
21360.455922440888,0.536,0.40800000000000003
21360.45616827488,0.52,0.4
21360.456414108874,0.536,0.41600000000000004
21360.456659942865,0.52,0.4
21360.456905776857,0.536,0.41600000000000004
21360.45715161085,0.536,0.4
21360.457397444843,0.512,0.41600000000000004
21360.457643278838,0.512,0.40800000000000003
21360.45788911283,0.536,0.4
21360.458134946824,0.52,0.4
21360.458380780816,0.536,0.40800000000000003
21360.45862661481,0.52,0.40800000000000003
21360.458872448802,0.536,0.4
21360.459118282793,0.536,0.4
21360.45936411679,0.52,0.41600000000000004
21360.45960995078,0.528,0.4
21360.459855784775,0.512,0.40800000000000003
21360.460101618766,0.528,0.4
21360.46034745276,0.512,0.40800000000000003
21360.460593286753,0.512,0.4
21360.460839120744,0.536,0.41600000000000004
21360.46108495474,0.52,0.41600000000000004
21360.46133078873,0.544,0.4
21360.461576622725,0.536,0.40800000000000003
21360.461822456717,0.52,0.4
21360.46206829071,0.528,0.4
21360.462314124703,0.544,0.40800000000000003
21360.462559958698,0.528,0.4
21360.46280579269,0.544,0.41600000000000004
21360.46305162668,0.528,0.4
21360.463297460676,0.544,0.40800000000000003
21360.463543294667,0.528,0.4
21360.463789128662,0.544,0.40800000000000003
21360.464034962653,0.536,0.4
21360.46428079665,0.528,0.40800000000000003
21360.46452663064,0.528,0.4
21360.464772464635,0.536,0.40800000000000003
21360.465018298626,0.536,0.4
21360.465264132617,0.528,0.4
21360.465509966612,0.528,0.4
21360.465755800604,0.544,0.40800000000000003
21360.4660016346,0.528,0.4
21360.46624746859,0.544,0.41600000000000004
21360.466493302585,0.528,0.4
21360.466739136577,0.544,0.40800000000000003
21360.466984970568,0.528,0.4
21360.467230804563,0.544,0.41600000000000004
21360.467476638554,0.528,0.41600000000000004
21360.46772247255,0.536,0.4
21360.46796830654,0.528,0.4
21360.468214140536,0.544,0.40800000000000003
21360.468459974527,0.536,0.4
21360.468705808522,0.528,0.40800000000000003
21360.468951642513,0.528,0.41600000000000004
21360.469197476505,0.544,0.4
21360.4694433105,0.528,0.4
21360.46968914449,0.544,0.40800000000000003
21360.469934978486,0.528,0.4
21360.470180812477,0.544,0.40800000000000003
21360.470426646472,0.528,0.4
21360.470672480464,0.544,0.40800000000000003
21360.47091831446,0.528,0.4
21360.47116414845,0.544,0.40800000000000003
21360.47140998244,0.528,0.4
21360.471655816436,0.544,0.40800000000000003
21360.471901650428,0.528,0.4
21360.472147484423,0.544,0.40800000000000003
21360.472393318414,0.544,0.4
21360.47263915241,0.528,0.40800000000000003
21360.4728849864,0.528,0.4
21360.47313082039,0.544,0.40800000000000003
21360.473376654387,0.544,0.40800000000000003
21360.473622488378,0.52,0.4
21360.473868322373,0.528,0.4
21360.474114156365,0.52,0.40800000000000003
21360.47435999036,0.52,0.4
21360.47460582435,0.536,0.41600000000000004
21360.474851658346,0.52,0.4
21360.475097492337,0.528,0.40800000000000003
21360.47534332633,0.528,0.4
21360.475589160324,0.512,0.41600000000000004
21360.475834994315,0.512,0.4
21360.47608082831,0.528,0.40800000000000003
21360.4763266623,0.536,0.4
21360.476572496296,0.52,0.40800000000000003
21360.476818330288,0.528,0.40800000000000003
21360.477064164283,0.544,0.4
21360.477309998274,0.544,0.4
21360.477555832265,0.52,0.41600000000000004
21360.47780166626,0.52,0.41600000000000004
21360.47804750025,0.536,0.4
21360.478293334247,0.528,0.4
21360.478539168238,0.512,0.40800000000000003
21360.478785002233,0.512,0.4
21360.479030836224,0.528,0.41600000000000004
21360.479276670216,0.52,0.4
21360.47952250421,0.536,0.40800000000000003
21360.479768338202,0.528,0.4
21360.480014172197,0.544,0.40800000000000003
21360.48026000619,0.528,0.4
21360.480505840183,0.544,0.40800000000000003
21360.480751674175,0.528,0.4
21360.48099750817,0.544,0.40800000000000003
21360.48124334216,0.552,0.4
21360.481489176153,0.52,0.41600000000000004
21360.481735010148,0.528,0.4
21360.48198084414,0.536,0.40800000000000003
21360.482226678134,0.528,0.4
21360.482472512125,0.544,0.40800000000000003
21360.48271834612,0.528,0.40800000000000003
21360.48296418011,0.544,0.4
21360.483210014107,0.528,0.4
21360.483455848098,0.544,0.40800000000000003
21360.48370168209,0.528,0.4
21360.483947516084,0.544,0.41600000000000004
21360.484193350076,0.528,0.4
21360.48443918407,0.544,0.40800000000000003
21360.484685018062,0.528,0.4
21360.484930852057,0.544,0.41600000000000004
21360.48517668605,0.528,0.4
21360.48542252004,0.544,0.40800000000000003
21360.485668354035,0.528,0.4
21360.485914188026,0.544,0.41600000000000004
21360.48616002202,0.544,0.40800000000000003
21360.486405856012,0.528,0.4
21360.486651690007,0.544,0.4
21360.486897524,0.528,0.40800000000000003
21360.487143357994,0.528,0.4
21360.487389191985,0.544,0.41600000000000004
21360.487635025976,0.544,0.4
21360.48788085997,0.528,0.41600000000000004
21360.488126693963,0.528,0.4
21360.488372527958,0.544,0.40800000000000003
21360.48861836195,0.544,0.4
21360.488864195944,0.528,0.41600000000000004
21360.489110029936,0.544,0.4
21360.48935586393,0.528,0.4
21360.489601697922,0.528,0.4
21360.489847531913,0.544,0.4
21360.49009336591,0.528,0.4
21360.4903391999,0.536,0.40800000000000003
21360.490585033895,0.536,0.4
21360.490830867886,0.528,0.40800000000000003
21360.49107670188,0.528,0.4
21360.491322535872,0.552,0.40800000000000003
21360.491568369864,0.528,0.4
21360.49181420386,0.544,0.41600000000000004
21360.49206003785,0.528,0.4
21360.492305871845,0.544,0.41600000000000004
21360.492551705836,0.544,0.40800000000000003
21360.49279753983,0.528,0.4
21360.493043373823,0.528,0.4
21360.493289207818,0.544,0.40800000000000003
21360.498534440994,0.528,-0.016
21360.498799441855,0.536,0.0
21360.499064442713,0.528,0.0
21360.499329443574,0.544,-0.016
21360.499594444434,0.528,-0.016
21360.499859445295,0.544,0.0
21360.500124446153,0.528,-0.016
21360.500389447014,0.544,0.0
21360.500654447875,0.528,-0.016
21360.500919448732,0.544,0.0
21360.501184449593,0.528,-0.016
21360.501449450454,0.536,0.0
21360.50171445131,0.528,-0.016
21360.501979452172,0.544,0.0
21360.502244453033,0.528,0.0
21360.502509453894,0.536,-0.016
21360.50277445475,0.528,0.0
21360.503039455612,0.544,-0.016
21360.503304456473,0.528,-0.016
21360.50356945733,0.544,0.0
21360.50383445819,0.528,-0.008
21360.504099459053,0.544,0.024
21360.504364459914,0.528,0.032
21360.50462946077,0.544,0.128
21360.504894461632,0.528,0.14400000000000002
21360.505159462493,0.544,0.28800000000000003
21360.50542446335,0.528,0.296
21360.50568946421,0.544,0.368
21360.505954465072,0.528,0.368
21360.50621946593,0.544,0.392
21360.50648446679,0.528,0.392
21360.50674946765,0.544,0.4
21360.507014468512,0.528,0.392
21360.50727946937,0.536,0.40800000000000003
21360.50754447023,0.528,0.4
21360.50780947109,0.544,0.40800000000000003
21360.50807447195,0.528,0.40800000000000003
21360.50833947281,0.544,0.392
21360.50860447367,0.528,0.392
21360.508869474532,0.544,0.40800000000000003
21360.50913447539,0.528,0.40800000000000003
21360.50939947625,0.544,0.392
21360.50966447711,0.528,0.4
21360.50992947797,0.544,0.4
21360.51019447883,0.528,0.4
21360.51045947969,0.544,0.40800000000000003
21360.51072448055,0.528,0.40800000000000003
21360.51098948141,0.544,0.4
21360.51125448227,0.544,0.4
21360.51151948313,0.52,0.40800000000000003
21360.511784483988,0.528,0.4
21360.51204948485,0.536,0.40800000000000003
21360.51231448571,0.528,0.4
21360.512579486567,0.536,0.40800000000000003
21360.512844487428,0.528,0.40800000000000003
21360.51310948829,0.536,0.4
21360.51337448915,0.528,0.4
21360.513639490007,0.544,0.40800000000000003
21360.51390449087,0.528,0.4
21360.51416949173,0.544,0.40800000000000003
21360.514434492587,0.528,0.40800000000000003
21360.514699493448,0.544,0.392
21360.51496449431,0.528,0.4
21360.51522949517,0.544,0.40800000000000003
21360.515494496027,0.528,0.40800000000000003
21360.515759496888,0.536,0.4
21360.51602449775,0.528,0.4
21360.516289498606,0.536,0.40800000000000003
21360.516554499467,0.528,0.4
21360.516819500328,0.544,0.40800000000000003
21360.517084501185,0.528,0.40800000000000003
21360.517349502046,0.536,0.4
21360.517614502907,0.528,0.4
21360.51787950377,0.544,0.40800000000000003
21360.518144504626,0.528,0.4
21360.518409505486,0.544,0.392
21360.518674506347,0.528,0.4
21360.518939507205,0.544,0.4
21360.519204508066,0.528,0.4
21360.519469508927,0.544,0.40800000000000003
21360.519734509788,0.528,0.40800000000000003
21360.519999510645,0.544,0.392
21360.520264511506,0.528,0.4
21360.520529512367,0.536,0.40800000000000003
21360.520794513224,0.528,0.4
21360.521059514085,0.536,0.40800000000000003
21360.521324514946,0.528,0.4
21360.521589515803,0.544,0.40800000000000003
21360.521854516664,0.528,0.4
21360.522119517525,0.544,0.40800000000000003
21360.522384518386,0.528,0.4
21360.522649519244,0.536,0.40800000000000003
21360.522914520105,0.528,0.4
21360.523179520966,0.544,0.40800000000000003
21360.523444521823,0.528,0.4
21360.523709522684,0.544,0.40800000000000003
21360.523974523545,0.528,0.4
21360.524239524406,0.544,0.40800000000000003
21360.524504525263,0.528,0.40800000000000003
21360.524769526124,0.544,0.4
21360.525034526985,0.528,0.4
21360.525299527842,0.544,0.40800000000000003
21360.525564528703,0.528,0.4
21360.525829529564,0.536,0.40800000000000003
21360.52609453042,0.528,0.4
21360.526359531283,0.544,0.40800000000000003
21360.526624532144,0.528,0.4
21360.526889533005,0.536,0.40800000000000003
21360.527154533862,0.544,0.4
21360.527419534723,0.528,0.40800000000000003
21360.527684535584,0.528,0.4
21360.52794953644,0.544,0.4
21360.528214537302,0.536,0.4
21360.528479538163,0.52,0.4
21360.528744539024,0.528,0.4
21360.52900953988,0.536,0.4
21360.529274540742,0.528,0.4
21360.529539541603,0.536,0.40800000000000003
21360.52980454246,0.528,0.4
21360.53006954332,0.544,0.40800000000000003
21360.530334544183,0.528,0.392
21360.530599545044,0.544,0.40800000000000003
21360.5308645459,0.528,0.4
21360.53112954676,0.544,0.40800000000000003
21360.531394547623,0.528,0.4
21360.53165954848,0.544,0.40800000000000003
21360.53192454934,0.528,0.4
21360.532189550202,0.544,0.40800000000000003
21360.53245455106,0.528,0.4
21360.53271955192,0.544,0.4
21360.53298455278,0.528,0.4
21360.533249553642,0.544,0.40800000000000003
21360.5335145545,0.544,0.4
21360.53377955536,0.528,0.4
21360.53404455622,0.528,0.4
21360.53430955708,0.544,0.40800000000000003
21360.53457455794,0.528,0.4
21360.5348395588,0.544,0.40800000000000003
21360.53510455966,0.528,0.392
21360.53536956052,0.544,0.40800000000000003
21360.53563456138,0.528,0.4
21360.53589956224,0.536,0.40800000000000003
21360.5361645631,0.528,0.4
21360.53642956396,0.544,0.392
21360.53669456482,0.528,0.4
21360.536959565678,0.544,0.4
21360.53722456654,0.528,0.4
21360.5374895674,0.544,0.40800000000000003
21360.53775456826,0.544,0.40800000000000003
21360.538019569118,0.52,0.4
21360.53828456998,0.528,0.4
21360.53854957084,0.544,0.40800000000000003
21360.538814571697,0.528,0.4
21360.539079572558,0.536,0.40800000000000003
21360.53934457342,0.536,0.4
21360.53960957428,0.52,0.40800000000000003
21360.539874575137,0.52,0.4
21360.540139576,0.528,0.40800000000000003
21360.54040457686,0.528,0.4
21360.540669577716,0.512,0.40800000000000003
21360.540934578577,0.52,0.392
21360.54119957944,0.528,0.40800000000000003
21360.541464580296,0.52,0.4
21360.541729581157,0.528,0.40800000000000003
21360.541994582018,0.528,0.4
21360.54225958288,0.512,0.40800000000000003
21360.542524583736,0.512,0.4
21360.542789584597,0.528,0.40800000000000003
21360.543054585458,0.512,0.4
21360.543319586315,0.536,0.40800000000000003
21360.543584587176,0.52,0.4
21360.543849588037,0.536,0.40800000000000003
21360.544114588898,0.528,0.40800000000000003
21360.544379589755,0.512,0.4
21360.544644590616,0.512,0.4
21360.544909591477,0.528,0.40800000000000003
21360.545174592335,0.512,0.4
21360.545439593196,0.536,0.4
21360.545704594057,0.528,0.4
21360.545969594914,0.512,0.4
21360.546234595775,0.512,0.4
21360.546499596636,0.536,0.40800000000000003
21360.546764597497,0.528,0.4
21360.547029598354,0.544,0.40800000000000003
21360.547294599215,0.528,0.40800000000000003
21360.547559600076,0.536,0.4
21360.547824600933,0.528,0.4
21360.548089601794,0.544,0.40800000000000003
21360.548354602655,0.528,0.4
21360.548619603516,0.544,0.40800000000000003
21360.548884604374,0.528,0.4
21360.549149605235,0.544,0.40800000000000003
21360.549414606096,0.528,0.4
21360.549679606953,0.544,0.40800000000000003
21360.549944607814,0.528,0.4
21360.550209608675,0.536,0.40800000000000003
21360.550474609536,0.528,0.4
21360.550739610393,0.544,0.40800000000000003
21360.551004611254,0.528,0.4
21360.551269612115,0.544,0.40800000000000003
21360.551534612972,0.528,0.40800000000000003
21360.551799613833,0.544,0.392
21360.552064614694,0.528,0.4
21360.55232961555,0.544,0.40800000000000003
21360.552594616413,0.528,0.40800000000000003
21360.552859617273,0.544,0.4
21360.553124618134,0.528,0.4
21360.55338961899,0.544,0.40800000000000003
21360.553654619853,0.544,0.4
21360.553919620714,0.52,0.40800000000000003
21360.55418462157,0.528,0.4
21360.554449622432,0.544,0.40800000000000003
21360.554714623293,0.528,0.40800000000000003
21360.554979624154,0.536,0.4
21360.55524462501,0.528,0.4
21360.555509625872,0.544,0.4
21360.555774626733,0.528,0.4
21360.55603962759,0.544,0.4
21360.55630462845,0.528,0.4
21360.556569629312,0.544,0.4
21360.55683463017,0.528,0.40800000000000003
21360.55709963103,0.544,0.4
21360.55736463189,0.536,0.392
21360.557629632753,0.52,0.40800000000000003
21360.55789463361,0.528,0.4
21360.55815963447,0.544,0.40800000000000003
21360.558424635332,0.536,0.40800000000000003
21360.55868963619,0.52,0.392
21360.55895463705,0.528,0.40800000000000003
21360.55921963791,0.544,0.392
21360.559484638772,0.528,0.4
21360.55974963963,0.544,0.4
21360.56001464049,0.528,0.40800000000000003
21360.56027964135,0.544,0.392
21360.56054464221,0.528,0.4
21360.56080964307,0.544,0.4
21360.56107464393,0.528,0.4
21360.561339644788,0.544,0.40800000000000003
21360.56160464565,0.528,0.4
21360.56186964651,0.544,0.40800000000000003
21360.56213464737,0.528,0.392
21360.562399648228,0.544,0.40800000000000003
21360.56266464909,0.528,0.4
21360.56292964995,0.544,0.40800000000000003
21360.563194650807,0.528,0.4
21360.56345965167,0.536,0.40800000000000003
21360.56372465253,0.528,0.4
21360.56398965339,0.536,0.4
21360.564254654248,0.528,0.4
21360.56451965511,0.544,0.40800000000000003
21360.56478465597,0.528,0.4
21360.565049656827,0.544,0.40800000000000003
21360.565314657688,0.528,0.4
21360.56557965855,0.544,0.40800000000000003
21360.565844659406,0.528,0.4
21360.566109660267,0.544,0.40800000000000003
21360.566374661128,0.528,0.4
21360.56663966199,0.544,0.40800000000000003
21360.566904662846,0.528,0.40800000000000003
21360.567169663707,0.544,0.392
21360.56743466457,0.528,0.40800000000000003
21360.567699665426,0.544,0.392
21360.567964666287,0.528,0.40800000000000003
21360.568229667148,0.536,0.4
21360.56849466801,0.528,0.4
21360.568759668866,0.536,0.40800000000000003
21360.569024669727,0.528,0.4
21360.569289670588,0.536,0.4
21360.569554671445,0.544,0.40800000000000003
21360.569819672306,0.52,0.384
21360.570084673167,0.528,0.384
21360.570349674028,0.544,0.312
21360.570614674885,0.528,0.312
21360.570879675746,0.544,0.16
21360.571144676607,0.528,0.152
21360.571409677465,0.544,0.056
21360.571674678326,0.528,0.048
21360.571939679186,0.544,0.008
21360.572204680044,0.528,0.016
21360.572469680905,0.536,-0.008
21360.572734681766,0.528,-0.008
21360.572999682627,0.544,0.0
21360.573264683484,0.528,0.0
21360.573529684345,0.536,-0.008
21360.573794685206,0.528,-0.008
21360.574059686063,0.544,0.0
21360.574324686924,0.528,0.0
21360.574589687785,0.544,-0.008
21360.574854688646,0.536,-0.008
21360.575119689503,0.528,0.0
21360.575384690364,0.528,-0.008
21360.575649691225,0.536,0.0
21360.575914692083,0.528,0.0
21360.576179692944,0.544,-0.008
21360.576444693805,0.528,-0.008
21360.576709694662,0.536,0.0
21360.576974695523,0.528,0.0
21360.577239696384,0.544,-0.008
21360.577504697245,0.528,-0.008
21360.577769698102,0.544,0.0
21360.578034698963,0.528,0.0
21360.578299699824,0.544,-0.016
21360.57856470068,0.528,0.0
21360.578829701542,0.536,-0.016
21360.579094702403,0.528,0.0
21360.579359703264,0.544,-0.008
21360.57962470412,0.528,0.0
21360.579889704983,0.544,-0.008
21360.580154705844,0.536,-0.008
21360.5804197067,0.52,0.0
21360.580684707562,0.528,-0.008
21360.580949708423,0.544,0.0
21360.58121470928,0.528,0.0
21360.58147971014,0.544,-0.008
21360.581744711002,0.528,0.0
21360.582009711863,0.536,-0.008
21360.58227471272,0.528,0.0
21360.58253971358,0.544,-0.016
21360.582804714442,0.528,-0.008
21360.5830697153,0.536,0.0
21360.58333471616,0.528,-0.008
21360.58359971702,0.544,0.0
21360.583864717883,0.528,-0.008
21360.58412971874,0.544,0.0
21360.5843947196,0.528,0.0
21360.58465972046,0.536,-0.008
21360.58492472132,0.528,0.0
21360.58518972218,0.536,-0.008
21360.58545472304,0.528,0.0
21360.5857197239,0.536,-0.008
21360.58598472476,0.528,0.0
21360.58624972562,0.544,-0.016
21360.58651472648,0.528,-0.008
21360.58677972734,0.544,0.0
21360.5870447282,0.528,0.0
21360.58730972906,0.544,-0.008
21360.587574729918,0.528,0.0
21360.58783973078,0.544,-0.016
21360.58810473164,0.528,0.0
21360.5883697325,0.536,-0.016
21360.588634733358,0.528,0.0
21360.58889973422,0.544,-0.016
21360.58916473508,0.528,0.0
21360.589429735937,0.536,-0.016
21360.5896947368,0.528,0.0
21360.58995973766,0.544,-0.008
21360.59022473852,0.528,0.0
21360.590489739378,0.544,-0.008
21360.59075474024,0.544,-0.008
21360.5910197411,0.52,0.0
21360.591284741957,0.528,-0.008
21360.591549742818,0.544,0.0
21360.59181474368,0.528,-0.016
21360.592079744536,0.544,0.0
21360.592344745397,0.528,0.0
21360.592609746258,0.544,-0.008
21360.59287474712,0.528,-0.008
21360.593139747976,0.544,0.0
21360.593404748837,0.544,0.0
21360.593669749698,0.528,-0.016
21360.593934750555,0.544,0.0
21360.594199751416,0.528,-0.016
21360.594464752277,0.528,-0.008
21360.59472975314,0.544,0.0
21360.594994753996,0.528,0.0
21360.595259754857,0.536,-0.008
21360.595524755718,0.528,0.0
21360.595789756575,0.536,-0.016
21360.596054757436,0.536,-0.016
21360.596319758297,0.52,0.0
21360.596584759154,0.528,0.0
21360.596849760015,0.544,-0.016
21360.597114760876,0.528,0.0
21360.597379761737,0.544,-0.016
21360.597644762594,0.528,0.0
21360.597909763455,0.536,-0.016
21360.598174764316,0.528,-0.016
21360.598439765174,0.544,0.0
21360.598704766035,0.528,-0.016
21360.598969766896,0.544,0.0
21360.599234767757,0.528,0.0
21360.599499768614,0.536,-0.016
21360.599764769475,0.528,0.0
21360.600029770336,0.544,-0.016
21360.600294771193,0.536,0.0
21360.600559772054,0.528,-0.016
21360.600824772915,0.528,0.0
21360.601089773772,0.544,-0.016
21360.601354774633,0.528,-0.008
21360.601619775494,0.544,0.0
21360.601884776355,0.536,0.0
21360.602149777213,0.52,-0.016
21360.602414778074,0.528,-0.016
21360.602679778935,0.544,0.0
21360.602944779792,0.528,-0.016
21360.603209780653,0.544,0.0
21360.603474781514,0.528,0.0
21360.603739782375,0.536,-0.016
21360.604004783232,0.528,0.0
21360.604269784093,0.544,-0.016
21360.604534784954,0.528,0.0
21360.60479978581,0.544,-0.016
21360.605064786672,0.528,0.0
21360.605329787533,0.536,-0.016
21360.60559478839,0.528,0.0
21360.60585978925,0.544,-0.016
21360.606124790113,0.528,0.0
21360.606389790973,0.536,-0.016
21360.60665479183,0.544,0.0
21360.60691979269,0.52,-0.016
21360.607184793553,0.528,0.0
21360.60744979441,0.544,-0.016
21360.60771479527,0.528,0.0
21360.607979796132,0.544,-0.016
21360.608244796993,0.528,0.0
21360.60850979785,0.544,-0.016
21360.60877479871,0.528,0.0
21360.609039799572,0.536,-0.016
21360.60930480043,0.544,-0.008
21360.60956980129,0.52,0.0
21360.60983480215,0.528,-0.016
21360.610099803012,0.544,0.0
21360.61036480387,0.528,0.0
21360.61062980473,0.544,-0.016
21360.61089480559,0.528,0.0
21360.61115980645,0.544,-0.016
21360.61142480731,0.528,0.0
21360.61168980817,0.536,-0.016
21360.61195480903,0.544,0.0
21360.61221980989,0.52,-0.016
21360.61248481075,0.528,0.0
21360.61274981161,0.536,-0.016
21360.61301481247,0.528,0.0
21360.61327981333,0.544,-0.016
21360.61354481419,0.528,0.0
21360.613809815048,0.536,-0.016
21360.61407481591,0.52,-0.016
21360.61433981677,0.544,0.0
21360.61460481763,0.528,0.0
21360.614869818488,0.544,-0.016
21360.61513481935,0.528,0.0
21360.61539982021,0.544,-0.016
21360.615664821067,0.544,-0.016
21360.615929821928,0.52,0.0
21360.61619482279,0.528,-0.016
21360.616459823646,0.52,0.0
21360.616724824507,0.536,0.0
21360.61698982537,0.512,-0.016
21360.61725482623,0.528,0.0
21360.617519827087,0.512,-0.016
21360.617784827948,0.52,-0.016
21360.61804982881,0.536,0.0
21360.618314829666,0.52,0.0
21360.618579830527,0.544,-0.016
21360.618844831388,0.512,-0.016
21360.61910983225,0.528,0.0
21360.619374833106,0.52,0.0
21360.619639833967,0.536,-0.016
21360.619904834828,0.536,-0.016
21360.620169835685,0.52,0.0
21360.620434836546,0.536,0.0
21360.620699837407,0.52,-0.016
21360.620964838265,0.512,-0.016
21360.621229839126,0.536,0.0
21360.621494839987,0.52,0.0
21360.621759840848,0.544,-0.016
21360.622024841705,0.52,-0.016
21360.622289842566,0.536,0.0
21360.622554843427,0.528,0.0
21360.622819844284,0.536,-0.016
21360.623084845145,0.528,0.0
21360.623349846006,0.536,-0.016
21360.623614846867,0.536,0.0
21360.623879847724,0.52,-0.016
21360.624144848585,0.528,0.0
21360.624409849446,0.544,-0.016
21360.624674850304,0.528,0.0
21360.624939851165,0.544,-0.016
21360.625204852025,0.52,-0.016
21360.625469852883,0.544,0.0
21360.625734853744,0.544,0.0
21360.625999854605,0.528,-0.016
21360.626264855466,0.536,-0.016
21360.626529856323,0.52,0.0
21360.626794857184,0.528,0.0
21360.627059858045,0.544,-0.016
21360.627324858902,0.536,0.0
21360.627589859763,0.52,-0.016
21360.627854860624,0.52,-0.016
21360.628119861485,0.528,0.0
21360.628384862343,0.52,-0.016
21360.628649863203,0.536,0.0
21360.628914864064,0.536,0.0
21360.62917986492,0.512,-0.016
21360.629444865783,0.512,-0.016
21360.629709866644,0.528,0.0
21360.629974867505,0.512,0.0
21360.630239868362,0.528,-0.016
21360.630504869223,0.52,0.0
21360.630769870084,0.512,-0.016
21360.63103487094,0.512,0.0
21360.631299871802,0.52,-0.016
21360.631564872663,0.512,0.0
21360.63182987352,0.528,-0.016
21360.63209487438,0.512,0.0
21360.632359875242,0.528,-0.016
21360.632624876103,0.512,0.0
21360.63288987696,0.528,-0.016
21360.63315487782,0.536,0.0
21360.633419878683,0.512,-0.008
21360.63368487954,0.52,0.0
21360.6339498804,0.536,-0.016
21360.634214881262,0.528,0.0
21360.634479882123,0.512,-0.016
21360.63474488298,0.512,-0.016
21360.63500988384,0.536,0.0
21360.635274884702,0.52,-0.016
21360.63553988556,0.544,0.0
21360.63580488642,0.512,0.0
21360.63606988728,0.528,-0.016
21360.63633488814,0.52,-0.008
21360.636599889,0.544,0.024
21360.63686488986,0.536,0.024
21360.63712989072,0.52,0.136
21360.63739489158,0.528,0.136
21360.63765989244,0.544,0.28
21360.6379248933,0.528,0.28800000000000003
21360.638189894158,0.544,0.352
21360.63845489502,0.536,0.352
21360.63871989588,0.528,0.392
21360.63898489674,0.536,0.392
21360.6392498976,0.528,0.4
21360.63951489846,0.528,0.4
21360.63977989932,0.536,0.392
21360.640044900178,0.536,0.4
21360.64030990104,0.528,0.384
21360.6405749019,0.528,0.384
21360.640839902757,0.544,0.392
21360.641104903618,0.528,0.392
21360.64136990448,0.544,0.4
21360.64163490534,0.528,0.4
21360.641899906197,0.544,0.384
21360.642164907058,0.544,0.392
21360.64242990792,0.528,0.4
21360.642694908776,0.528,0.392
21360.642959909637,0.544,0.392
21360.6432249105,0.536,0.392
21360.64348991136,0.528,0.4
21360.643754912217,0.544,0.392
21360.644019913077,0.52,0.384
21360.64428491394,0.528,0.384
21360.644549914796,0.544,0.40800000000000003
21360.644814915657,0.528,0.392
21360.645079916518,0.536,0.384
21360.645344917375,0.528,0.4
21360.645609918236,0.544,0.384
21360.645874919097,0.528,0.384
21360.646139919958,0.544,0.4
21360.646404920815,0.528,0.40800000000000003
21360.646669921676,0.544,0.392
21360.646934922537,0.528,0.392
21360.647199923395,0.544,0.392
21360.647464924255,0.528,0.392
21360.647729925116,0.544,0.4
21360.647994925977,0.528,0.40800000000000003
21360.648259926835,0.544,0.392
21360.648524927696,0.528,0.40800000000000003
21360.648789928557,0.544,0.392
21360.649054929414,0.536,0.4
21360.649319930275,0.52,0.384
21360.649584931136,0.528,0.384
21360.649849931997,0.536,0.4
21360.650114932854,0.536,0.392
21360.650379933715,0.528,0.4
21360.650644934576,0.528,0.392
21360.650909935433,0.544,0.4
21360.651174936294,0.544,0.392
21360.651439937155,0.52,0.40800000000000003
21360.651704938013,0.52,0.4
21360.651969938874,0.536,0.40800000000000003
21360.652234939735,0.536,0.4
21360.652499940596,0.52,0.392
21360.652764941453,0.52,0.392
21360.653029942314,0.536,0.4
21360.653294943175,0.536,0.384
21360.653559944032,0.512,0.4
21360.653824944893,0.52,0.40800000000000003
21360.654089945754,0.536,0.392
21360.654354946615,0.536,0.392
21360.654619947472,0.512,0.4
21360.654884948333,0.528,0.392
21360.655149949194,0.52,0.384
21360.65541495005,0.52,0.384
21360.655679950913,0.536,0.4
21360.655944951774,0.52,0.4
21360.65620995263,0.536,0.392
21360.656474953492,0.52,0.392
21360.656739954353,0.536,0.4
21360.657004955214,0.528,0.4
21360.65726995607,0.544,0.392
21360.657534956932,0.528,0.4
21360.657799957793,0.536,0.384
21360.65806495865,0.528,0.4
21360.65832995951,0.544,0.40800000000000003
21360.658594960372,0.528,0.4
21360.658859961233,0.536,0.40800000000000003
21360.65912496209,0.528,0.4
21360.65938996295,0.544,0.40800000000000003
21360.659654963812,0.528,0.4
21360.65991996467,0.536,0.4
21360.66018496553,0.528,0.4
21360.66044996639,0.544,0.40800000000000003
21360.66071496725,0.528,0.40800000000000003
21360.66097996811,0.544,0.4
21360.66124496897,0.528,0.4
21360.661509969832,0.544,0.40800000000000003
21360.66177497069,0.528,0.4
21360.66203997155,0.544,0.40800000000000003
21360.66230497241,0.528,0.4
21360.66256997327,0.544,0.40800000000000003
21360.66283497413,0.528,0.40800000000000003
21360.66309997499,0.544,0.392
21360.66336497585,0.528,0.40800000000000003
21360.66362997671,0.544,0.4
21360.66389497757,0.528,0.40800000000000003
21360.66415997843,0.544,0.4
21360.664424979288,0.528,0.40800000000000003
21360.66468998015,0.544,0.4
21360.66495498101,0.536,0.4
21360.665219981867,0.52,0.40800000000000003
21360.66548498273,0.528,0.4
21360.66574998359,0.544,0.4
21360.66601498445,0.528,0.4
21360.666279985307,0.544,0.4
21360.66654498617,0.528,0.4
21360.66680998703,0.544,0.4
21360.667074987887,0.528,0.4
21360.667339988748,0.544,0.40800000000000003
21360.66760498961,0.528,0.4
21360.66786999047,0.536,0.40800000000000003
21360.668134991327,0.528,0.4
21360.668399992188,0.544,0.40800000000000003
21360.66866499305,0.528,0.4
21360.668929993906,0.536,0.40800000000000003
21360.669194994767,0.528,0.4
21360.669459995628,0.536,0.40800000000000003
21360.66972499649,0.528,0.4
21360.669989997346,0.544,0.40800000000000003
21360.670254998207,0.52,0.4
21360.67051999907,0.544,0.40800000000000003
21360.670784999926,0.528,0.40800000000000003
21360.671050000787,0.544,0.4
21360.671315001648,0.528,0.4
21360.671580002505,0.544,0.40800000000000003
21360.671845003366,0.528,0.40800000000000003
21360.672110004227,0.544,0.4
21360.672375005088,0.528,0.40800000000000003
21360.672640005945,0.536,0.4
21360.672905006806,0.528,0.4
21360.673170007667,0.544,0.40800000000000003
21360.673435008524,0.528,0.4
21360.673700009385,0.536,0.40800000000000003
21360.673965010246,0.528,0.4
21360.674230011107,0.544,0.4
21360.674495011965,0.52,0.4
21360.674760012826,0.544,0.40800000000000003
21360.675025013687,0.528,0.4
21360.675290014544,0.544,0.40800000000000003
21360.675555015405,0.544,0.4
21360.675820016266,0.52,0.40800000000000003
21360.676085017123,0.528,0.4
21360.676350017984,0.544,0.40800000000000003
21360.676615018845,0.544,0.4
21360.676880019706,0.528,0.40800000000000003
21360.677145020563,0.528,0.4
21360.677410021424,0.544,0.40800000000000003
21360.677675022285,0.528,0.40800000000000003
21360.677940023143,0.544,0.392
21360.678205024004,0.528,0.40800000000000003
21360.678470024865,0.536,0.392
21360.678735025725,0.528,0.4
21360.679000026583,0.536,0.40800000000000003
21360.679265027444,0.528,0.4
21360.679530028305,0.536,0.40800000000000003
21360.679795029162,0.528,0.4
21360.680060030023,0.544,0.40800000000000003
21360.680325030884,0.528,0.40800000000000003
21360.68059003174,0.544,0.4
21360.680855032602,0.536,0.4
21360.681120033463,0.52,0.40800000000000003
21360.681385034324,0.528,0.4
21360.68165003518,0.544,0.40800000000000003
21360.681915036042,0.544,0.4
21360.682180036903,0.528,0.4
21360.68244503776,0.528,0.4
21360.68271003862,0.544,0.40800000000000003
21360.682975039483,0.528,0.4
21360.683240040344,0.544,0.4
21360.6835050412,0.528,0.4
21360.683770042062,0.544,0.40800000000000003
21360.684035042923,0.528,0.4
21360.68430004378,0.536,0.40800000000000003
21360.68456504464,0.528,0.4
21360.684830045502,0.544,0.40800000000000003
21360.68509504636,0.528,0.4
21360.68536004722,0.544,0.40800000000000003
21360.68562504808,0.528,0.4
21360.685890048942,0.536,0.40800000000000003
21360.6861550498,0.544,0.4
21360.68642005066,0.52,0.40800000000000003
21360.68668505152,0.528,0.4
21360.68695005238,0.536,0.4
21360.68721505324,0.528,0.4
21360.6874800541,0.536,0.40800000000000003
21360.687745054962,0.528,0.4
21360.68801005582,0.544,0.40800000000000003
21360.68827505668,0.528,0.4
21360.68854005754,0.544,0.40800000000000003
21360.6888050584,0.528,0.4
21360.68907005926,0.536,0.40800000000000003
21360.68933506012,0.528,0.392
21360.68960006098,0.544,0.40800000000000003
21360.68986506184,0.528,0.4
21360.6901300627,0.544,0.40800000000000003
21360.69039506356,0.528,0.4
21360.690660064418,0.544,0.40800000000000003
21360.69092506528,0.528,0.40800000000000003
21360.69119006614,0.544,0.4
21360.691455066997,0.52,0.4
21360.691720067858,0.544,0.40800000000000003
21360.69198506872,0.528,0.40800000000000003
21360.69225006958,0.536,0.4
21360.692515070437,0.528,0.4
21360.6927800713,0.544,0.4
21360.69304507216,0.544,0.4
21360.693310073017,0.528,0.4
21360.693575073878,0.528,0.4
21360.69384007474,0.544,0.4
21360.6941050756,0.528,0.4
21360.694370076457,0.544,0.40800000000000003
21360.694635077318,0.544,0.4
21360.69490007818,0.52,0.40800000000000003
21360.695165079036,0.52,0.4
21360.695430079897,0.536,0.40800000000000003
21360.695695080758,0.528,0.4
21360.695960081615,0.512,0.40800000000000003
21360.696225082476,0.52,0.40800000000000003
21360.696490083337,0.528,0.4
21360.6967550842,0.52,0.4
21360.697020085056,0.536,0.40800000000000003
21360.697285085917,0.52,0.4
21360.697550086777,0.544,0.40800000000000003
21360.697815087635,0.512,0.4
21360.698080088496,0.544,0.40800000000000003
21360.698345089357,0.528,0.4
21360.698610090218,0.544,0.40800000000000003
21360.698875091075,0.528,0.4
21360.699140091936,0.544,0.40800000000000003
21360.699405092797,0.544,0.4
21360.699670093654,0.528,0.40800000000000003
21360.699935094515,0.528,0.392
21360.700200095376,0.544,0.40800000000000003
21360.700465096234,0.528,0.4
21360.700730097094,0.544,0.40800000000000003
21360.700995097955,0.528,0.4
21360.701260098816,0.536,0.4
21360.701525099674,0.528,0.4
21360.701790100535,0.544,0.40800000000000003
21360.702055101396,0.544,0.40800000000000003
21360.702320102253,0.52,0.384
21360.702585103114,0.528,0.384
21360.702850103975,0.544,0.32
21360.703115104836,0.528,0.304
21360.703380105693,0.544,0.16
21360.703645106554,0.528,0.152
21360.703910107415,0.544,0.056
21360.704175108272,0.528,0.048
21360.704440109133,0.544,0.016
21360.704705109994,0.528,0.008
21360.70497011085,0.544,-0.008
21360.705235111713,0.528,0.0
21360.705500112574,0.536,-0.008
21360.705765113435,0.528,0.0
21360.706030114292,0.536,-0.008
21360.706295115153,0.528,0.0
21360.706560116014,0.536,-0.008
21360.70682511687,0.528,0.0
21360.707090117732,0.536,-0.008
21360.707355118593,0.528,0.0
21360.707620119454,0.544,-0.008
21360.70788512031,0.536,0.0
21360.708150121172,0.528,-0.008
21360.708415122033,0.536,0.0
21360.70868012289,0.52,-0.008
21360.70894512375,0.528,0.0
21360.709210124613,0.544,-0.008
21360.709475125474,0.528,0.0
21360.70974012633,0.544,-0.008
21360.710005127192,0.528,0.0
21360.710270128053,0.536,-0.008
21360.71053512891,0.528,-0.008
21360.71080012977,0.544,0.0
21360.711065130632,0.528,0.0
21360.71133013149,0.536,-0.008
21360.71159513235,0.528,0.0
21360.71186013321,0.544,-0.008
21360.712125134072,0.528,-0.008
21360.71239013493,0.544,0.0
21360.71265513579,0.544,0.0
21360.71292013665,0.52,-0.008
21360.71318513751,0.528,0.0
21360.71345013837,0.544,-0.008
21360.71371513923,0.528,0.0
21360.71398014009,0.536,-0.008
21360.71424514095,0.528,-0.008
21360.71451014181,0.536,0.0
21360.71477514267,0.528,0.0
21360.71504014353,0.544,-0.008
21360.71530514439,0.544,0.0
21360.71557014525,0.528,-0.008
21360.715835146108,0.528,0.0
21360.71610014697,0.544,-0.016
21360.71636514783,0.528,-0.008
21360.71663014869,0.544,0.0
21360.716895149548,0.528,0.0
21360.71716015041,0.544,-0.008
21360.71742515127,0.528,0.0
21360.717690152127,0.544,-0.016
21360.717955152988,0.52,-0.016
21360.71822015385,0.536,0.0
21360.71848515471,0.528,0.0
21360.718750155567,0.512,-0.016
21360.71901515643,0.52,0.0
21360.71928015729,0.536,-0.016
21360.719545158147,0.528,0.0
21360.719810159007,0.536,-0.016
21360.72007515987,0.528,0.0
21360.720340160726,0.544,-0.016
21360.720605161587,0.528,0.0
21360.720870162448,0.544,-0.008
21360.72113516331,0.528,-0.016
21360.721400164166,0.544,0.0
21360.721665165027,0.528,0.0
21360.721930165888,0.536,-0.016
21360.722195166745,0.528,0.0
21360.722460167606,0.544,-0.016
21360.722725168467,0.528,0.0
21360.722990169328,0.536,-0.016
21360.723255170185,0.536,-0.008
21360.723520171046,0.52,0.0
21360.723785171907,0.528,-0.016
21360.724050172765,0.544,0.0
21360.724315173626,0.528,-0.016
21360.724580174487,0.544,0.0
21360.724845175344,0.528,-0.008
21360.725110176205,0.544,0.0
21360.725375177066,0.528,0.0
21360.725640177927,0.544,-0.016
21360.725905178784,0.528,0.0
21360.726170179645,0.544,-0.016
21360.726435180506,0.528,0.0
21360.726700181363,0.544,-0.016
21360.726965182224,0.528,0.0
21360.727230183085,0.544,-0.016
21360.727495183946,0.528,0.0
21360.727760184804,0.544,-0.016
21360.728025185665,0.528,0.0
21360.728290186526,0.536,-0.016
21360.728555187383,0.544,0.0
21360.728820188244,0.52,-0.016
21360.729085189105,0.536,-0.008
21360.729350189966,0.528,0.0
21360.729615190823,0.544,0.0
21360.729880191684,0.52,-0.016
21360.730145192545,0.528,0.0
21360.730410193402,0.544,-0.016
21360.730675194263,0.528,-0.016
21360.730940195124,0.544,0.0
21360.73120519598,0.528,0.0
21360.731470196843,0.544,-0.016
21360.731735197704,0.528,0.0
21360.732000198564,0.544,-0.016
21360.73226519942,0.528,-0.016
21360.732530200283,0.544,0.0
21360.732795201144,0.528,0.0
21360.733060202,0.536,-0.016
21360.733325202862,0.528,0.0
21360.733590203723,0.536,-0.016
21360.733855204584,0.52,0.0
21360.73412020544,0.544,-0.016
21360.734385206302,0.544,-0.008
21360.734650207163,0.528,0.0
21360.73491520802,0.528,0.0
21360.73518020888,0.544,-0.016
21360.735445209742,0.528,0.0
21360.7357102106,0.536,-0.016
21360.73597521146,0.528,-0.016
21360.73624021232,0.544,0.0
21360.736505213183,0.528,0.0
21360.73677021404,0.544,-0.016
21360.7370352149,0.528,0.0
21360.737300215762,0.536,-0.016
21360.73756521662,0.528,0.0
21360.73783021748,0.544,-0.016
21360.73809521834,0.528,0.0
21360.738360219202,0.536,-0.016
21360.73862522006,0.528,-0.016
21360.73889022092,0.544,0.0
21360.73915522178,0.528,0.0
21360.73942022264,0.544,-0.016
21360.7396852235,0.528,-0.016
21360.73995022436,0.544,0.0
21360.740215225218,0.528,0.0
21360.74048022608,0.544,-0.016
21360.74074522694,0.528,0.0
21360.7410102278,0.544,-0.016
21360.74127522866,0.528,0.0
21360.74154022952,0.536,-0.016
21360.74180523038,0.528,0.0
21360.742070231237,0.544,-0.016
21360.7423352321,0.528,0.0
21360.74260023296,0.544,-0.016
21360.74286523382,0.536,0.0
21360.743130234678,0.528,-0.016
21360.74339523554,0.528,0.0
21360.7436602364,0.544,-0.016
21360.743925237257,0.528,0.0
21360.744190238118,0.536,-0.016
21360.74445523898,0.536,0.0
21360.744720239836,0.52,-0.016
21360.744985240697,0.528,0.0
21360.745250241558,0.544,-0.016
21360.74551524242,0.528,0.0
21360.745780243276,0.536,-0.016
21360.746045244137,0.528,0.0
21360.746310245,0.544,-0.016
21360.746575245856,0.528,0.0
21360.746840246717,0.544,-0.016
21360.747105247578,0.528,0.0
21360.74737024844,0.544,-0.016
21360.747635249296,0.528,0.0
21360.747900250157,0.544,-0.016
21360.748165251018,0.528,0.0
21360.748430251875,0.544,-0.016
21360.748695252736,0.528,-0.016
21360.748960253597,0.544,0.0
21360.749225254458,0.528,0.0
21360.749490255315,0.536,-0.016
21360.749755256176,0.536,-0.016
21360.750020257037,0.52,0.0
21360.750285257895,0.528,-0.016
21360.750550258756,0.536,0.0
21360.750815259617,0.528,0.0
21360.751080260474,0.544,-0.016
21360.751345261335,0.528,0.0
21360.751610262196,0.544,-0.016
21360.751875263057,0.528,0.0
21360.752140263914,0.544,-0.016
21360.752405264775,0.528,0.0
21360.752670265636,0.544,-0.016
21360.752935266493,0.528,0.0
21360.753200267354,0.544,-0.016
21360.753465268215,0.528,-0.016
21360.753730269076,0.544,0.0
21360.753995269934,0.528,0.0
21360.754260270794,0.544,-0.016
21360.754525271655,0.528,0.0
21360.754790272513,0.544,-0.016
21360.755055273374,0.544,0.0
21360.755320274235,0.52,-0.016
21360.755585275092,0.528,0.0
21360.755850275953,0.544,-0.016
21360.756115276814,0.528,0.0
21360.756380277675,0.544,-0.016
21360.756645278532,0.528,0.0
21360.756910279393,0.544,-0.016
21360.757175280254,0.528,0.0
21360.75744028111,0.544,-0.016
21360.757705281972,0.528,0.0
21360.757970282833,0.544,-0.016
21360.758235283694,0.52,0.0
21360.75850028455,0.544,-0.016
21360.758765285413,0.528,0.0
21360.759030286274,0.544,-0.016
21360.75929528713,0.528,0.0
21360.759560287992,0.544,-0.016
21360.759825288853,0.528,-0.016
21360.76009028971,0.536,0.0
21360.76035529057,0.536,0.0
21360.760620291432,0.52,-0.016
21360.760885292293,0.528,0.0
21360.76115029315,0.536,-0.016
21360.76141529401,0.528,0.0
21360.761680294872,0.544,-0.016
21360.76194529573,0.528,0.0
21360.76221029659,0.536,-0.016
21360.76247529745,0.528,0.0
21360.762740298313,0.544,-0.016
21360.76300529917,0.528,-0.016
21360.76327030003,0.544,0.0
21360.76353530089,0.528,0.0
21360.76380030175,0.544,-0.016
21360.76406530261,0.528,0.0
21360.76433030347,0.536,-0.016
21360.76459530433,0.528,0.0
21360.76486030519,0.544,-0.016
21360.76512530605,0.528,0.0
21360.76539030691,0.544,-0.016
21360.76565530777,0.536,0.0
21360.76592030863,0.52,-0.016
21360.76618530949,0.528,0.0
21360.766450310348,0.536,-0.016
21360.76671531121,0.528,0.0
21360.76698031207,0.544,-0.016
21360.76724531293,0.528,0.0
21360.767510313788,0.536,-0.016
21360.76777531465,0.528,-0.016
21360.76804031551,0.544,0.0
21360.768305316367,0.528,-0.008
21360.76857031723,0.544,0.0
21360.76883531809,0.528,0.0
21360.76910031895,0.544,0.024
21360.769365319808,0.528,0.032
21360.76963032067,0.544,0.136
21360.76989532153,0.528,0.152
21360.770160322387,0.536,0.296
21360.770425323248,0.528,0.296
21360.77069032411,0.536,0.368
21360.770955324966,0.536,0.368
21360.771220325827,0.52,0.392
21360.771485326688,0.528,0.392
21360.77175032755,0.544,0.40800000000000003
21360.772015328406,0.528,0.40800000000000003
21360.772280329267,0.544,0.392
21360.77254533013,0.528,0.40800000000000003
21360.772810330986,0.544,0.4
21360.773075331846,0.528,0.40800000000000003
21360.773340332707,0.536,0.392
21360.77360533357,0.528,0.4
21360.773870334426,0.544,0.40800000000000003
21360.774135335287,0.528,0.40800000000000003
21360.774400336148,0.544,0.392
21360.774665337005,0.528,0.392
21360.774930337866,0.536,0.40800000000000003
21360.775195338727,0.528,0.4
21360.775460339584,0.544,0.40800000000000003
21360.775725340445,0.528,0.4
21360.775990341306,0.536,0.4
21360.776255342167,0.544,0.4
21360.776520343024,0.52,0.4
21360.776785343885,0.528,0.4
21360.777050344746,0.544,0.4
21360.777315345604,0.528,0.4
21360.777580346465,0.544,0.40800000000000003
21360.777845347326,0.544,0.4
21360.778110348187,0.528,0.40800000000000003
21360.778375349044,0.528,0.4
21360.778640349905,0.544,0.40800000000000003
21360.778905350766,0.528,0.4
21360.779170351623,0.536,0.40800000000000003
21360.779435352484,0.528,0.4
21360.779700353345,0.536,0.40800000000000003
21360.779965354202,0.528,0.4
21360.780230355063,0.544,0.40800000000000003
21360.780495355924,0.52,0.4
21360.780760356785,0.536,0.392
21360.781025357643,0.528,0.4
21360.781290358504,0.544,0.40800000000000003
21360.781555359365,0.544,0.4
21360.781820360222,0.52,0.4
21360.782085361083,0.528,0.4
21360.782350361944,0.544,0.40800000000000003
21360.782615362805,0.528,0.4
21360.782880363662,0.544,0.40800000000000003
21360.783145364523,0.528,0.4
21360.783410365384,0.544,0.40800000000000003
21360.78367536624,0.528,0.4
21360.783940367102,0.544,0.40800000000000003
21360.784205367963,0.528,0.4
21360.78447036882,0.544,0.40800000000000003
21360.78473536968,0.528,0.4
21360.785000370543,0.544,0.392
21360.785265371404,0.528,0.4
21360.78553037226,0.544,0.40800000000000003
21360.78579537312,0.528,0.40800000000000003
21360.786060373983,0.544,0.392
21360.78632537484,0.528,0.392
21360.7865903757,0.544,0.40800000000000003
21360.786855376562,0.544,0.4
21360.787120377423,0.52,0.40800000000000003
21360.78738537828,0.528,0.4
21360.78765037914,0.544,0.40800000000000003
21360.787915380002,0.528,0.40800000000000003
21360.78818038086,0.544,0.392
21360.78844538172,0.544,0.392
21360.78871038258,0.528,0.40800000000000003
21360.788975383442,0.528,0.4
21360.7892403843,0.536,0.40800000000000003
21360.78950538516,0.528,0.40800000000000003
21360.78977038602,0.536,0.4
21360.79003538688,0.528,0.4
21360.79030038774,0.536,0.40800000000000003
21360.7905653886,0.528,0.40800000000000003
21360.79083038946,0.544,0.392
21360.79109539032,0.528,0.4
21360.79136039118,0.544,0.40800000000000003
21360.79162539204,0.528,0.4
21360.7918903929,0.544,0.40800000000000003
21360.79215539376,0.528,0.4
21360.79242039462,0.544,0.40800000000000003
21360.792685395478,0.528,0.4
21360.79295039634,0.544,0.40800000000000003
21360.7932153972,0.528,0.4
21360.79348039806,0.536,0.4
21360.793745398918,0.528,0.4
21360.79401039978,0.544,0.4
21360.79427540064,0.528,0.4
21360.794540401497,0.536,0.40800000000000003
21360.794805402358,0.528,0.4
21360.79507040322,0.544,0.40800000000000003
21360.795335404076,0.528,0.40800000000000003
21360.795600404937,0.544,0.392
21360.7958654058,0.536,0.4
21360.79613040666,0.52,0.40800000000000003
21360.796395407517,0.528,0.40800000000000003
21360.796660408378,0.544,0.392
21360.79692540924,0.528,0.392
21360.797190410096,0.544,0.40800000000000003
21360.797455410957,0.528,0.40800000000000003
21360.797720411818,0.536,0.392
21360.79798541268,0.528,0.4
21360.798250413536,0.544,0.392
21360.798515414397,0.528,0.4
21360.798780415258,0.544,0.40800000000000003
21360.799045416115,0.528,0.40800000000000003
21360.799310416976,0.544,0.392
21360.799575417837,0.528,0.40800000000000003
21360.799840418695,0.544,0.392
21360.800105419556,0.536,0.4
21360.800370420417,0.528,0.40800000000000003
21360.800635421278,0.528,0.392
21360.800900422135,0.544,0.40800000000000003
21360.801165422996,0.528,0.40800000000000003
21360.801430423857,0.544,0.392
21360.801695424714,0.544,0.392
21360.801960425575,0.528,0.40800000000000003
21360.802225426436,0.528,0.392
21360.802490427297,0.544,0.40800000000000003
21360.802755428154,0.528,0.40800000000000003
21360.803020429015,0.536,0.4
21360.803285429876,0.528,0.4
21360.803550430734,0.544,0.4
21360.803815431595,0.528,0.4
21360.804080432456,0.544,0.4
21360.804345433313,0.528,0.4
21360.804610434174,0.536,0.40800000000000003
21360.804875435035,0.528,0.40800000000000003
21360.805140435896,0.544,0.392
21360.805405436753,0.528,0.392
21360.805670437614,0.536,0.40800000000000003
21360.805935438475,0.528,0.4
21360.806200439332,0.536,0.40800000000000003
21360.806465440193,0.528,0.40800000000000003
21360.806730441054,0.536,0.392
21360.806995441915,0.528,0.40800000000000003
21360.807260442773,0.544,0.4
21360.807525443633,0.536,0.4
21360.807790444494,0.52,0.4
21360.80805544535,0.528,0.4
21360.808320446213,0.544,0.40800000000000003
21360.808585447074,0.528,0.4
21360.808850447935,0.544,0.392
21360.809115448792,0.536,0.40800000000000003
21360.809380449653,0.528,0.392
21360.809645450514,0.528,0.40800000000000003
21360.80991045137,0.544,0.4
21360.810175452232,0.528,0.392
21360.810440453093,0.544,0.40800000000000003
21360.81070545395,0.528,0.4
21360.81097045481,0.544,0.40800000000000003
21360.811235455672,0.528,0.40800000000000003
21360.811500456533,0.544,0.392
21360.81176545739,0.528,0.4
21360.81203045825,0.536,0.4
21360.812295459113,0.528,0.4
21360.81256045997,0.544,0.40800000000000003
21360.81282546083,0.528,0.4
21360.813090461692,0.544,0.40800000000000003
21360.813355462553,0.528,0.40800000000000003
21360.81362046341,0.544,0.4
21360.81388546427,0.528,0.4
21360.814150465132,0.544,0.40800000000000003
21360.81441546599,0.528,0.4
21360.81468046685,0.536,0.40800000000000003
21360.81494546771,0.528,0.4
21360.81521046857,0.544,0.40800000000000003
21360.81547546943,0.528,0.40800000000000003
21360.81574047029,0.544,0.4
21360.81600547115,0.528,0.4
21360.81627047201,0.536,0.40800000000000003
21360.821565389633,0.528,-0.016
21360.821810952424,0.544,0.0
21360.822056515215,0.544,-0.008
21360.82230207801,0.528,-0.016
21360.8225476408,0.528,-0.016
21360.82279320359,0.544,0.0
21360.823038766383,0.528,-0.016
21360.823284329177,0.544,-0.008
21360.823529891968,0.528,-0.016
21360.82377545476,0.536,-0.008
21360.82402101755,0.528,-0.016
21360.824266580345,0.544,0.0
21360.824512143136,0.544,-0.016
21360.824757705926,0.528,0.0
21360.825003268717,0.544,-0.008
21360.825248831512,0.528,-0.016
21360.825494394303,0.528,-0.016
21360.825739957094,0.544,-0.008
21360.825985519885,0.528,-0.016
21360.82623108268,0.544,0.0
21360.82647664547,0.528,-0.008
21360.82672220826,0.544,0.024
21360.826967771052,0.528,0.024
21360.827213333847,0.544,0.136
21360.827458896638,0.528,0.14400000000000002
21360.82770445943,0.536,0.28800000000000003
21360.82795002222,0.528,0.28800000000000003
21360.82819558501,0.536,0.352
21360.828441147805,0.528,0.36
21360.828686710596,0.536,0.384
21360.828932273387,0.528,0.376
21360.829177836178,0.544,0.392
21360.829423398973,0.528,0.384
21360.829668961764,0.544,0.392
21360.829914524555,0.528,0.384
21360.830160087346,0.536,0.384
21360.83040565014,0.528,0.384
21360.83065121293,0.544,0.392
21360.830896775722,0.528,0.392
21360.831142338513,0.544,0.384
21360.831387901308,0.528,0.384
21360.8316334641,0.544,0.392
21360.83187902689,0.528,0.384
21360.83212458968,0.536,0.392
21360.832370152475,0.528,0.392
21360.832615715266,0.544,0.384
21360.832861278057,0.528,0.384
21360.833106840848,0.536,0.392
21360.833352403642,0.528,0.384
21360.833597966433,0.544,0.392
21360.833843529224,0.528,0.384
21360.834089092015,0.544,0.384
21360.834334654806,0.528,0.384
21360.8345802176,0.544,0.392
21360.834825780392,0.528,0.384
21360.835071343183,0.544,0.392
21360.835316905974,0.528,0.384
21360.83556246877,0.536,0.392
21360.83580803156,0.528,0.392
21360.83605359435,0.536,0.384
21360.83629915714,0.528,0.384
21360.836544719936,0.544,0.392
21360.836790282727,0.544,0.392
21360.837035845518,0.528,0.384
21360.83728140831,0.528,0.384
21360.837526971103,0.544,0.392
21360.837772533894,0.528,0.384
21360.838018096685,0.544,0.392
21360.838263659476,0.528,0.384
21360.83850922227,0.544,0.392
21360.83875478506,0.528,0.384
21360.839000347853,0.544,0.392
21360.839245910644,0.528,0.384
21360.839491473438,0.544,0.392
21360.83973703623,0.528,0.384
21360.83998259902,0.544,0.392
21360.84022816181,0.544,0.384
21360.840473724602,0.528,0.392
21360.840719287396,0.528,0.384
21360.840964850187,0.536,0.392
21360.84121041298,0.528,0.384
21360.84145597577,0.544,0.4
21360.841701538564,0.528,0.384
21360.841947101355,0.544,0.4
21360.842192664146,0.528,0.384
21360.842438226937,0.544,0.392
21360.84268378973,0.528,0.384
21360.842929352522,0.544,0.392
21360.843174915313,0.528,0.384
21360.843420478104,0.544,0.384
21360.8436660409,0.528,0.384
21360.84391160369,0.544,0.392
21360.84415716648,0.528,0.384
21360.84440272927,0.536,0.392
21360.844648292066,0.528,0.384
21360.844893854857,0.544,0.392
21360.845139417648,0.528,0.384
21360.84538498044,0.544,0.4
21360.845630543234,0.528,0.384
21360.845876106025,0.544,0.392
21360.846121668816,0.528,0.384
21360.846367231607,0.544,0.392
21360.846612794398,0.528,0.384
21360.846858357192,0.544,0.392
21360.847103919983,0.528,0.392
21360.847349482774,0.544,0.384
21360.847595045565,0.528,0.392
21360.84784060836,0.544,0.384
21360.84808617115,0.528,0.384
21360.84833173394,0.544,0.392
21360.848577296732,0.52,0.384
21360.848822859527,0.544,0.392
21360.849068422318,0.528,0.384
21360.84931398511,0.544,0.392
21360.8495595479,0.544,0.384
21360.849805110694,0.528,0.392
21360.850050673485,0.528,0.384
21360.850296236276,0.544,0.392
21360.850541799067,0.528,0.384
21360.850787361862,0.544,0.384
21360.851032924653,0.528,0.384
21360.851278487444,0.544,0.392
21360.851524050235,0.528,0.392
21360.85176961303,0.544,0.384
21360.85201517582,0.528,0.384
21360.85226073861,0.544,0.376
21360.852506301402,0.528,0.368
21360.852751864193,0.544,0.384
21360.852997426988,0.528,0.384
21360.85324298978,0.536,0.4
21360.85348855257,0.528,0.4
21360.85373411536,0.544,0.384
21360.853979678155,0.528,0.384
21360.854225240946,0.544,0.376
21360.854470803737,0.528,0.376
21360.854716366528,0.544,0.392
21360.854961929323,0.528,0.392
21360.855207492114,0.544,0.368
21360.855453054905,0.528,0.368
21360.855698617695,0.544,0.384
21360.85594418049,0.528,0.392
21360.85618974328,0.544,0.384
21360.856435306072,0.528,0.384
21360.856680868863,0.544,0.368
21360.856926431657,0.528,0.376
21360.85717199445,0.536,0.392
21360.85741755724,0.528,0.384
21360.85766312003,0.544,0.392
21360.857908682825,0.528,0.384
21360.858154245616,0.536,0.392
21360.858399808407,0.544,0.384
21360.858645371198,0.52,0.392
21360.85889093399,0.544,0.384
21360.859136496783,0.528,0.376
21360.859382059574,0.528,0.376
21360.859627622365,0.544,0.392
21360.859873185156,0.528,0.384
21360.86011874795,0.544,0.4
21360.86036431074,0.528,0.384
21360.860609873533,0.536,0.392
21360.860855436324,0.528,0.384
21360.86110099912,0.536,0.392
21360.86134656191,0.528,0.384
21360.8615921247,0.544,0.392
21360.86183768749,0.528,0.384
21360.862083250286,0.544,0.4
21360.862328813077,0.528,0.392
21360.862574375868,0.544,0.384
21360.86281993866,0.528,0.384
21360.863065501453,0.544,0.392
21360.863311064244,0.528,0.384
21360.863556627035,0.544,0.392
21360.863802189826,0.528,0.384
21360.86404775262,0.544,0.392
21360.86429331541,0.528,0.392
21360.864538878202,0.544,0.384
21360.864784440993,0.528,0.384
21360.865030003784,0.544,0.392
21360.86527556658,0.528,0.384
21360.86552112937,0.544,0.392
21360.86576669216,0.528,0.384
21360.86601225495,0.544,0.392
21360.866257817746,0.528,0.384
21360.866503380537,0.544,0.392
21360.86674894333,0.528,0.384
21360.86699450612,0.544,0.392
21360.867240068914,0.528,0.384
21360.867485631705,0.544,0.384
21360.867731194496,0.528,0.384
21360.867976757287,0.544,0.384
21360.86822232008,0.528,0.384
21360.868467882872,0.536,0.392
21360.868713445663,0.536,0.384
21360.868959008454,0.528,0.392
21360.86920457125,0.528,0.384
21360.86945013404,0.536,0.392
21360.86969569683,0.528,0.384
21360.86994125962,0.544,0.384
21360.870186822416,0.528,0.384
21360.870432385207,0.544,0.392
21360.870677947998,0.536,0.384
21360.87092351079,0.52,0.4
21360.87116907358,0.52,0.384
21360.871414636375,0.528,0.392
21360.871660199165,0.536,0.384
21360.871905761956,0.52,0.392
21360.872151324747,0.52,0.384
21360.872396887542,0.544,0.4
21360.872642450333,0.52,0.384
21360.872888013124,0.536,0.384
21360.873133575915,0.536,0.392
21360.87337913871,0.52,0.376
21360.8736247015,0.52,0.376
21360.87387026429,0.544,0.368
21360.874115827082,0.544,0.376
21360.874361389877,0.52,0.392
21360.874606952668,0.536,0.384
21360.87485251546,0.52,0.392
21360.87509807825,0.512,0.392
21360.875343641044,0.528,0.384
21360.875589203835,0.512,0.384
21360.875834766626,0.52,0.392
21360.876080329417,0.512,0.384
21360.87632589221,0.528,0.392
21360.876571455003,0.528,0.392
21360.876817017794,0.512,0.384
21360.877062580585,0.52,0.384
21360.877308143376,0.536,0.384
21360.87755370617,0.544,0.384
21360.87779926896,0.52,0.392
21360.878044831752,0.512,0.384
21360.878290394543,0.536,0.384
21360.878535957338,0.52,0.384
21360.87878152013,0.544,0.392
21360.87902708292,0.544,0.384
21360.87927264571,0.512,0.392
21360.879518208505,0.52,0.384
21360.879763771296,0.528,0.384
21360.880009334087,0.536,0.384
21360.880254896878,0.52,0.392
21360.880500459672,0.512,0.384
21360.880746022463,0.528,0.384
21360.880991585254,0.52,0.384
21360.881237148045,0.536,0.4
21360.88148271084,0.52,0.384
21360.88172827363,0.536,0.392
21360.881973836422,0.52,0.384
21360.882219399213,0.536,0.392
21360.882464962007,0.536,0.384
21360.8827105248,0.52,0.4
21360.88295608759,0.512,0.384
21360.88320165038,0.536,0.392
21360.88344721317,0.544,0.384
21360.883692775966,0.512,0.392
21360.883938338757,0.52,0.384
21360.884183901548,0.536,0.392
21360.88442946434,0.528,0.384
21360.884675027133,0.544,0.392
21360.884920589924,0.536,0.384
21360.885166152715,0.512,0.392
21360.885411715506,0.52,0.384
21360.8856572783,0.536,0.392
21360.88590284109,0.536,0.384
21360.886148403883,0.52,0.392
21360.886393966673,0.528,0.384
21360.886639529468,0.544,0.384
21360.88688509226,0.52,0.384
21360.88713065505,0.544,0.392
21360.88737621784,0.528,0.384
21360.887621780636,0.544,0.368
21360.887867343426,0.528,0.368
21360.888112906217,0.544,0.296
21360.88835846901,0.528,0.296
21360.888604031803,0.544,0.14400000000000002
21360.888849594594,0.528,0.14400000000000002
21360.889095157385,0.544,0.048
21360.889340720176,0.528,0.04
21360.889586282967,0.544,0.0
21360.88983184576,0.528,0.008
21360.890077408552,0.544,-0.008
21360.890322971343,0.528,0.0
21360.890568534134,0.544,-0.016
21360.89081409693,0.528,0.0
21360.89105965972,0.544,-0.016
21360.89130522251,0.528,0.0
21360.8915507853,0.544,-0.016
21360.891796348096,0.528,0.0
21360.892041910887,0.536,-0.016
21360.892287473678,0.528,0.0
21360.89253303647,0.544,-0.016
21360.892778599264,0.528,0.0
21360.893024162055,0.544,-0.016
21360.893269724846,0.528,0.0
21360.893515287637,0.544,-0.016
21360.89376085043,0.528,0.0
21360.894006413222,0.544,-0.016
21360.894251976013,0.528,0.0
21360.894497538804,0.544,-0.016
21360.8947431016,0.544,-0.016
21360.89498866439,0.528,0.0
21360.89523422718,0.528,-0.016
21360.89547978997,0.544,0.0
21360.895725352762,0.528,-0.016
21360.895970915557,0.536,0.0
21360.896216478348,0.528,0.0
21360.89646204114,0.536,-0.016
21360.89670760393,0.528,-0.016
21360.896953166724,0.544,0.0
21360.897198729515,0.528,-0.016
21360.897444292306,0.544,0.0
21360.897689855097,0.528,0.0
21360.897935417892,0.544,-0.016
21360.898180980683,0.528,0.0
21360.898426543474,0.544,-0.016
21360.898672106265,0.528,0.0
21360.89891766906,0.544,-0.016
21360.89916323185,0.528,-0.016
21360.89940879464,0.544,0.0
21360.899654357432,0.528,-0.016
21360.899899920227,0.544,0.0
21360.900145483018,0.528,0.0
21360.90039104581,0.544,-0.016
21360.9006366086,0.528,-0.016
21360.900882171394,0.544,0.0
21360.901127734185,0.528,-0.016
21360.901373296976,0.544,0.0
21360.901618859767,0.528,-0.016
21360.901864422558,0.544,0.0
21360.902109985353,0.528,0.0
21360.902355548144,0.544,-0.016
21360.902601110934,0.528,0.0
21360.902846673725,0.544,-0.016
21360.90309223652,0.528,0.0
21360.90333779931,0.544,-0.016
21360.903583362102,0.528,-0.016
21360.903828924893,0.544,0.0
21360.904074487687,0.528,-0.016
21360.90432005048,0.544,0.0
21360.90456561327,0.544,-0.016
21360.90481117606,0.528,0.0
21360.905056738855,0.528,-0.016
21360.905302301646,0.536,0.0
21360.905547864437,0.528,-0.016
21360.905793427228,0.536,0.0
21360.906038990022,0.528,-0.016
21360.906284552813,0.536,0.0
21360.906530115604,0.528,-0.016
21360.906775678395,0.544,0.0
21360.90702124119,0.528,-0.016
21360.90726680398,0.544,0.0
21360.90751236677,0.528,0.0
21360.907757929563,0.544,-0.016
21360.908003492354,0.528,-0.016
21360.90824905515,0.544,0.0
21360.90849461794,0.528,-0.016
21360.90874018073,0.544,0.0
21360.90898574352,0.528,-0.016
21360.909231306316,0.536,-0.008
21360.909476869107,0.528,0.0
21360.909722431898,0.544,-0.016
21360.90996799469,0.528,-0.016
21360.910213557483,0.536,0.0
21360.910459120274,0.528,-0.016
21360.910704683065,0.544,0.0
21360.910950245856,0.528,-0.016
21360.91119580865,0.544,0.0
21360.91144137144,0.528,-0.016
21360.911686934232,0.544,0.0
21360.911932497023,0.528,-0.016
21360.912178059818,0.544,0.0
21360.91242362261,0.528,-0.016
21360.9126691854,0.536,0.0
21360.91291474819,0.528,-0.016
21360.913160310985,0.536,0.0
21360.913405873776,0.528,-0.016
21360.913651436567,0.544,0.0
21360.91389699936,0.528,-0.008
21360.91414256215,0.544,-0.016
21360.914388124944,0.528,-0.016
21360.914633687735,0.544,-0.008
21360.914879250526,0.52,-0.016
21360.915124813317,0.536,0.0
21360.91537037611,0.536,-0.016
21360.915615938902,0.52,0.0
21360.915861501693,0.52,-0.016
21360.916107064484,0.536,0.0
21360.91635262728,0.52,-0.016
21360.91659819007,0.536,-0.008
21360.91684375286,0.536,-0.008
21360.91708931565,0.52,-0.016
21360.917334878446,0.544,0.0
21360.917580441237,0.512,-0.016
21360.917826004028,0.512,-0.016
21360.91807156682,0.528,-0.008
21360.918317129614,0.52,-0.016
21360.918562692405,0.536,-0.008
21360.918808255195,0.52,-0.016
21360.919053817986,0.536,-0.008
21360.91929938078,0.52,-0.016
21360.919544943572,0.536,-0.008
21360.919790506363,0.544,-0.008
21360.920036069154,0.52,-0.016
21360.920281631945,0.52,-0.008
21360.92052719474,0.528,-0.016
21360.92077275753,0.52,-0.016
21360.92101832032,0.536,0.0
21360.921263883112,0.528,-0.016
21360.921509445907,0.52,0.0
21360.921755008698,0.52,-0.016
21360.92200057149,0.536,-0.008
21360.92224613428,0.512,-0.016
21360.922491697074,0.528,0.0
21360.922737259865,0.528,-0.016
21360.922982822656,0.544,0.0
21360.923228385447,0.528,-0.016
21360.92347394824,0.544,0.0
21360.923719511033,0.528,-0.016
21360.923965073824,0.536,0.0
21360.924210636615,0.528,-0.016
21360.92445619941,0.544,0.0
21360.9247017622,0.528,-0.016
21360.92494732499,0.544,0.0
21360.925192887782,0.528,-0.016
21360.925438450577,0.544,-0.008
21360.925684013368,0.528,-0.008
21360.92592957616,0.544,-0.016
21360.92617513895,0.528,-0.016
21360.92642070174,0.544,-0.008
21360.926666264535,0.528,-0.016
21360.926911827326,0.544,-0.008
21360.927157390117,0.528,-0.016
21360.927402952908,0.544,-0.008
21360.927648515702,0.544,-0.016
21360.927894078493,0.528,-0.008
21360.928139641284,0.528,-0.016
21360.928385204075,0.544,0.0
21360.92863076687,0.528,-0.008
21360.92887632966,0.544,-0.016
21360.92912189245,0.528,-0.008
21360.929367455243,0.544,-0.016
21360.929613018037,0.528,-0.008
21360.92985858083,0.544,-0.016
21360.93010414362,0.528,-0.016
21360.93034970641,0.536,0.0
21360.930595269205,0.528,-0.016
21360.930840831996,0.536,-0.008
21360.931086394787,0.528,-0.008
21360.931331957578,0.536,-0.016
21360.931577520372,0.528,-0.008
21360.931823083163,0.544,-0.016
21360.932068645954,0.528,-0.016
21360.932314208745,0.544,-0.008
21360.932559771536,0.544,-0.016
21360.93280533433,0.528,0.0
21360.93305089712,0.528,-0.016
21360.933296459913,0.544,-0.008
21360.933542022703,0.528,-0.008
21360.933787585498,0.544,-0.016
21360.93403314829,0.536,-0.016
21360.93427871108,0.528,0.0
21360.93452427387,0.528,0.0
21360.934769836666,0.544,-0.016
21360.935015399456,0.528,-0.016
21360.935260962247,0.536,0.0
21360.93550652504,0.528,-0.016
21360.935752087833,0.544,0.0
21360.935997650624,0.528,-0.016
21360.936243213415,0.544,0.0
21360.936488776206,0.528,-0.008
21360.936734339,0.544,-0.016
21360.93697990179,0.528,-0.016
21360.937225464582,0.544,-0.008
21360.937471027373,0.544,-0.016
21360.937716590168,0.528,0.0
21360.93796215296,0.528,-0.016
21360.93820771575,0.536,0.0
21360.93845327854,0.528,-0.016
21360.93869884133,0.544,-0.008
21360.938944404126,0.528,-0.016
21360.939189966917,0.544,-0.008
21360.939435529708,0.528,-0.008
21360.9396810925,0.544,-0.016
21360.939926655294,0.528,-0.016
21360.940172218085,0.544,0.0
21360.940417780876,0.528,-0.008
21360.940663343667,0.544,-0.016
21360.94090890646,0.528,-0.008
21360.941154469252,0.544,-0.016
21360.941400032043,0.528,0.0
21360.941645594834,0.544,-0.016
21360.94189115763,0.528,-0.016
21360.94213672042,0.544,-0.008
21360.94238228321,0.528,-0.008
21360.942627846,0.544,-0.016
21360.942873408796,0.528,-0.016
21360.943118971587,0.536,0.0
21360.943364534378,0.528,-0.016
21360.94361009717,0.544,0.0
21360.943855659963,0.528,-0.008
21360.944101222754,0.544,-0.016
21360.944346785545,0.528,0.0
21360.944592348336,0.544,-0.016
21360.944837911127,0.528,-0.008
21360.945083473922,0.544,-0.016
21360.945329036713,0.528,-0.008
21360.945574599504,0.536,-0.016
21360.945820162295,0.528,0.0
21360.94606572509,0.544,-0.016
21360.94631128788,0.528,-0.008
21360.94655685067,0.536,-0.016
21360.946802413462,0.528,-0.008
21360.947047976257,0.552,-0.016
21360.947293539048,0.528,-0.016
21360.94753910184,0.544,0.0
21360.94778466463,0.528,-0.016
21360.948030227424,0.544,0.0
21360.948275790215,0.528,0.0
21360.948521353006,0.544,-0.016
21360.948766915797,0.528,-0.016
21360.94901247859,0.544,0.0
21360.949258041383,0.528,-0.008
21360.949503604174,0.544,0.024
21360.949749166964,0.528,0.024
21360.94999472976,0.536,0.136
21360.95024029255,0.544,0.136
21360.95048585534,0.528,0.272
21360.950731418132,0.528,0.28
21360.950976980923,0.536,0.352
21360.951222543717,0.528,0.36
21360.95146810651,0.544,0.376
21360.9517136693,0.528,0.376
21360.95195923209,0.544,0.392
21360.952204794885,0.528,0.384
21360.952450357676,0.544,0.376
21360.952695920467,0.544,0.384
21360.952941483258,0.528,0.376
21360.953187046052,0.528,0.384
21360.953432608843,0.544,0.384
21360.953678171634,0.544,0.384
21360.953923734425,0.528,0.392
21360.95416929722,0.544,0.392
21360.95441486001,0.528,0.384
21360.9546604228,0.528,0.384
21360.954905985593,0.544,0.392
21360.955151548387,0.528,0.384
21360.955397111178,0.536,0.392
21360.95564267397,0.528,0.384
21360.95588823676,0.536,0.392
21360.956133799555,0.528,0.384
21360.956379362346,0.536,0.392
21360.956624925137,0.528,0.392
21360.956870487928,0.552,0.384
21360.95711605072,0.528,0.384
21360.957361613513,0.544,0.392
21360.957607176304,0.528,0.384
21360.957852739095,0.544,0.384
21360.958098301886,0.528,0.384
21360.95834386468,0.544,0.392
21360.95858942747,0.528,0.384
21360.958834990262,0.544,0.384
21360.959080553053,0.528,0.392
21360.959326115848,0.536,0.384
21360.95957167864,0.528,0.376
21360.95981724143,0.544,0.392
21360.96006280422,0.528,0.384
21360.960308367015,0.536,0.384
21360.960553929806,0.528,0.384
21360.960799492597,0.544,0.392
21360.96104505539,0.528,0.384
21360.961290618183,0.544,0.384
21360.961536180974,0.544,0.384
21360.961781743765,0.528,0.392
21360.962027306556,0.528,0.384
21360.96227286935,0.544,0.392
21360.96251843214,0.528,0.384
21360.962763994932,0.544,0.392
21360.963009557723,0.528,0.384
21360.963255120514,0.536,0.392
21360.96350068331,0.528,0.384
21360.9637462461,0.544,0.384
21360.96399180889,0.528,0.384
21360.96423737168,0.544,0.392
21360.964482934476,0.528,0.376
21360.964728497267,0.544,0.392
21360.964974060058,0.528,0.392
21360.96521962285,0.536,0.384
21360.965465185644,0.528,0.384
21360.965710748435,0.544,0.384
21360.965956311225,0.528,0.384
21360.966201874016,0.544,0.392
21360.96644743681,0.528,0.384
21360.966692999602,0.544,0.392
21360.966938562393,0.528,0.384
21360.967184125184,0.544,0.392
21360.96742968798,0.528,0.392
21360.96767525077,0.544,0.384
21360.96792081356,0.528,0.384
21360.96816637635,0.536,0.392
21360.968411939146,0.528,0.384
21360.968657501937,0.544,0.392
21360.968903064728,0.536,0.384
21360.96914862752,0.528,0.392
21360.96939419031,0.528,0.384
21360.969639753104,0.544,0.392
21360.969885315895,0.528,0.384
21360.970130878686,0.536,0.384
21360.970376441477,0.528,0.384
21360.97062200427,0.544,0.384
21360.970867567063,0.528,0.384
21360.971113129854,0.536,0.384
21360.971358692645,0.544,0.384
21360.97160425544,0.528,0.392
21360.97184981823,0.528,0.384
21360.97209538102,0.544,0.384
21360.972340943812,0.528,0.384
21360.972586506607,0.536,0.384
21360.972832069398,0.528,0.384
21360.97307763219,0.536,0.392
21360.97332319498,0.528,0.384
21360.973568757774,0.536,0.392
21360.973814320565,0.528,0.384
21360.974059883356,0.544,0.384
21360.974305446147,0.528,0.376
21360.97455100894,0.544,0.392
21360.974796571732,0.528,0.384
21360.975042134523,0.544,0.384
21360.975287697314,0.544,0.384
21360.975533260105,0.528,0.392
21360.9757788229,0.528,0.384
21360.97602438569,0.536,0.392
21360.97626994848,0.528,0.392
21360.976515511273,0.544,0.384
21360.976761074067,0.528,0.384
21360.97700663686,0.544,0.392
21360.97725219965,0.544,0.384
21360.97749776244,0.528,0.392
21360.977743325235,0.528,0.384
21360.977988888026,0.544,0.384
21360.978234450817,0.528,0.384
21360.978480013608,0.544,0.384
21360.978725576402,0.528,0.384
21360.978971139193,0.544,0.392
21360.979216701984,0.528,0.392
21360.979462264775,0.544,0.376
21360.97970782757,0.528,0.384
21360.97995339036,0.544,0.384
21360.98019895315,0.528,0.384
21360.980444515943,0.544,0.392
21360.980690078737,0.528,0.384
21360.980935641528,0.544,0.392
21360.98118120432,0.528,0.384
21360.98142676711,0.552,0.392
21360.9816723299,0.528,0.384
21360.981917892695,0.544,0.392
21360.982163455486,0.528,0.384
21360.982409018277,0.536,0.392
21360.98265458107,0.528,0.384
21360.982900143863,0.536,0.384
21360.983145706654,0.528,0.384
21360.983391269445,0.536,0.392
21360.983636832236,0.528,0.384
21360.98388239503,0.544,0.384
21360.98412795782,0.528,0.384
21360.984373520612,0.544,0.392
21360.984619083403,0.528,0.384
21360.984864646198,0.536,0.392
21360.98511020899,0.528,0.384
21360.98535577178,0.544,0.384
21360.98560133457,0.528,0.384
21360.985846897365,0.544,0.392
21360.986092460156,0.528,0.384
21360.986338022947,0.536,0.384
21360.986583585738,0.528,0.384
21360.986829148533,0.544,0.384
21360.987074711324,0.528,0.392
21360.987320274115,0.536,0.384
21360.987565836906,0.528,0.392
21360.987811399697,0.544,0.384
21360.98805696249,0.528,0.384
21360.988302525282,0.544,0.392
21360.988548088073,0.544,0.384
21360.988793650864,0.528,0.384
21360.98903921366,0.528,0.384
21360.98928477645,0.544,0.392
21360.98953033924,0.528,0.384
21360.98977590203,0.544,0.384
21360.990021464826,0.528,0.384
21360.990267027617,0.536,0.392
21360.990512590408,0.528,0.392
21360.9907581532,0.544,0.384
21360.991003715993,0.528,0.384
21360.991249278784,0.544,0.392
21360.991494841575,0.528,0.384
21360.991740404366,0.544,0.392
21360.99198596716,0.528,0.384
21360.992231529952,0.544,0.392
21360.992477092743,0.528,0.384
21360.992722655534,0.544,0.392
21360.99296821833,0.528,0.392
21360.99321378112,0.544,0.384
21360.99345934391,0.528,0.392
21360.9937049067,0.544,0.384
21360.993950469492,0.528,0.392
21360.994196032287,0.544,0.384
21360.994441595078,0.528,0.384
21360.99468715787,0.544,0.392
21360.99493272066,0.528,0.384
21360.995178283454,0.536,0.384
21360.995423846245,0.528,0.384
21360.995669409036,0.544,0.384
21360.995914971827,0.528,0.384
21360.99616053462,0.552,0.384
21360.996406097413,0.528,0.384
21360.996651660203,0.544,0.392
21360.996897222994,0.528,0.384
21360.99714278579,0.544,0.384
21360.99738834858,0.528,0.384
21360.99763391137,0.536,0.376
21360.997879474162,0.528,0.384
21360.998125036956,0.544,0.392
21360.998370599747,0.528,0.384
21360.99861616254,0.536,0.392
21360.99886172533,0.528,0.384
21360.999107288124,0.544,0.376
21360.999352850915,0.544,0.384
21360.999598413706,0.528,0.392
21360.999843976497,0.528,0.392
21361.000089539288,0.544,0.384
21361.000335102082,0.528,0.384
21361.000580664873,0.544,0.384
21361.000826227664,0.528,0.392
21361.001071790455,0.544,0.384
21361.00131735325,0.528,0.392
21361.00156291604,0.544,0.384
21361.00180847883,0.528,0.384
21361.002054041623,0.536,0.392
21361.002299604417,0.528,0.384
21361.002545167208,0.544,0.392
21361.00279073,0.544,0.384
21361.00303629279,0.528,0.376
21361.003281855585,0.528,0.376
21361.003527418376,0.544,0.376
21361.003772981167,0.528,0.368
21361.004018543957,0.544,0.384
21361.004264106752,0.528,0.384
21361.004509669543,0.544,0.368
21361.004755232334,0.528,0.368
21361.005000795125,0.544,0.384
21361.00524635792,0.528,0.384
21361.00549192071,0.544,0.392
21361.0057374835,0.544,0.384
21361.005983046292,0.52,0.392
21361.006228609083,0.544,0.384
21361.006474171878,0.528,0.392
21361.00671973467,0.528,0.384
21361.00696529746,0.544,0.392
21361.00721086025,0.528,0.384
21361.007456423045,0.536,0.392
21361.007701985836,0.528,0.384
21361.007947548627,0.536,0.384
21361.00819311142,0.528,0.384
21361.008438674213,0.536,0.392
21361.008684237004,0.528,0.384
21361.008929799795,0.544,0.376
21361.009175362586,0.528,0.392
21361.00942092538,0.544,0.376
21361.00966648817,0.528,0.376
21361.009912050962,0.544,0.392
21361.010157613753,0.528,0.384
21361.010403176548,0.544,0.368
21361.01064873934,0.528,0.368
21361.01089430213,0.552,0.296
21361.01113986492,0.528,0.28800000000000003
21361.011385427715,0.536,0.14400000000000002
21361.011630990506,0.528,0.136
21361.011876553297,0.544,0.048
21361.012122116088,0.536,0.048
21361.01236767888,0.528,0.0
21361.012613241674,0.528,0.008
21361.012858804464,0.544,-0.008
21361.013104367255,0.528,0.0
21361.013349930046,0.544,-0.016
21361.01359549284,0.544,0.0
21361.013841055632,0.528,-0.016
21361.014086618423,0.528,0.0
21361.014332181214,0.544,-0.016
21361.01457774401,0.528,0.0
21361.0148233068,0.544,-0.016
21361.01506886959,0.528,-0.016
21361.01531443238,0.536,0.0
21361.015559995176,0.528,0.0
21361.015805557967,0.544,-0.016
21361.016051120758,0.528,-0.016
21361.01629668355,0.544,0.0
21361.016542246343,0.528,0.0
21361.016787809134,0.544,-0.016
21361.017033371925,0.528,-0.016
21361.017278934716,0.536,0.0
21361.01752449751,0.528,0.0
21361.0177700603,0.544,-0.016
21361.018015623093,0.528,-0.016
21361.018261185884,0.544,0.0
21361.018506748675,0.528,0.0
21361.01875231147,0.544,-0.016
21361.01899787426,0.528,0.0
21361.01924343705,0.544,-0.016
21361.019488999842,0.528,0.0
21361.019734562637,0.544,-0.016
21361.019980125428,0.528,0.0
21361.02022568822,0.536,-0.016
21361.02047125101,0.528,0.0
21361.020716813804,0.544,-0.016
21361.020962376595,0.528,0.0
21361.021207939386,0.536,-0.016
21361.021453502177,0.528,-0.016
21361.02169906497,0.544,0.0
21361.021944627762,0.528,-0.016
21361.022190190553,0.544,0.0
21361.022435753344,0.528,-0.016
21361.02268131614,0.536,0.0
21361.02292687893,0.528,-0.016
21361.02317244172,0.536,0.0
21361.02341800451,0.528,-0.016
21361.023663567306,0.536,0.0
21361.023909130097,0.528,0.0
21361.02415469289,0.544,-0.016
21361.02440025568,0.544,-0.016
21361.02464581847,0.528,0.0
21361.024891381265,0.528,0.0
21361.025136944056,0.544,-0.016
21361.025382506847,0.528,-0.016
21361.025628069638,0.552,0.0
21361.025873632432,0.528,0.0
21361.026119195223,0.536,-0.016
21361.026364758014,0.528,-0.016
21361.026610320805,0.544,0.0
21361.0268558836,0.528,-0.016
21361.02710144639,0.536,0.0
21361.02734700918,0.528,-0.016
21361.027592571972,0.544,0.0
21361.027838134767,0.52,-0.016
21361.028083697558,0.536,0.0
21361.02832926035,0.52,-0.016
21361.02857482314,0.536,0.0
21361.028820385935,0.52,-0.016
21361.029065948725,0.544,0.0
21361.029311511516,0.536,-0.016
21361.029557074307,0.52,0.0
21361.029802637102,0.512,-0.016
21361.030048199893,0.536,0.0
21361.030293762684,0.544,-0.016
21361.030539325475,0.52,0.0
21361.030784888266,0.544,-0.016
21361.03103045106,0.528,0.0
21361.03127601385,0.528,-0.016
21361.031521576642,0.544,0.0
21361.031767139433,0.544,-0.016
21361.032012702228,0.528,0.0
21361.03225826502,0.528,-0.008
21361.03250382781,0.536,-0.016
21361.0327493906,0.528,-0.016
21361.032994953395,0.536,0.0
21361.033240516186,0.528,-0.016
21361.033486078977,0.536,0.0
21361.033731641768,0.528,-0.008
21361.033977204563,0.544,-0.016
21361.034222767354,0.536,-0.016
21361.034468330145,0.52,0.0
21361.034713892936,0.536,-0.016
21361.03495945573,0.512,0.0
21361.03520501852,0.52,-0.016
21361.035450581312,0.544,0.0
21361.035696144103,0.544,-0.016
21361.035941706898,0.528,0.0
21361.03618726969,0.528,-0.016
21361.03643283248,0.544,0.0
21361.03667839527,0.528,-0.016
21361.03692395806,0.544,0.0
21361.037169520856,0.528,-0.016
21361.037415083647,0.544,-0.008
21361.037660646438,0.528,-0.016
21361.03790620923,0.536,0.0
21361.038151772023,0.528,-0.016
21361.038397334814,0.544,-0.008
21361.038642897605,0.528,-0.016
21361.038888460396,0.544,0.0
21361.03913402319,0.528,-0.016
21361.03937958598,0.544,0.0
21361.039625148773,0.528,0.0
21361.039870711564,0.544,-0.016
21361.04011627436,0.528,-0.016
21361.04036183715,0.544,-0.008
21361.04060739994,0.528,0.0
21361.04085296273,0.544,-0.016
21361.041098525526,0.528,-0.016
21361.041344088317,0.544,0.0
21361.041589651108,0.528,-0.016
21361.0418352139,0.544,-0.008
21361.042080776693,0.528,-0.016
21361.042326339484,0.544,0.0
21361.042571902275,0.528,0.0
21361.042817465066,0.544,-0.016
21361.043063027857,0.528,-0.016
21361.04330859065,0.544,0.0
21361.043554153443,0.528,-0.016
21361.043799716233,0.544,0.0
21361.044045279024,0.528,-0.016
21361.04429084182,0.544,0.0
21361.04453640461,0.528,-0.016
21361.0447819674,0.544,-0.008
21361.045027530192,0.528,-0.008
21361.045273092986,0.544,-0.016
21361.045518655777,0.528,-0.008
21361.04576421857,0.544,-0.016
21361.04600978136,0.544,0.0
21361.046255344154,0.528,-0.016
21361.046500906945,0.528,-0.016
21361.046746469736,0.544,0.0
21361.046992032527,0.528,-0.016
21361.04723759532,0.544,0.0
21361.047483158112,0.544,-0.016
21361.047728720903,0.528,0.0
21361.047974283694,0.528,-0.016
21361.04821984649,0.544,0.0
21361.04846540928,0.528,-0.016
21361.04871097207,0.536,0.0
21361.04895653486,0.528,-0.016
21361.049202097653,0.536,-0.008
21361.049447660447,0.544,-0.016
21361.049693223238,0.528,-0.008
21361.04993878603,0.528,-0.016
21361.05018434882,0.544,-0.008
21361.050429911615,0.528,-0.008
21361.050675474406,0.544,-0.016
21361.050921037197,0.544,-0.016
21361.051166599987,0.528,0.0
21361.051412162782,0.528,-0.008
21361.051657725573,0.544,-0.016
21361.051903288364,0.544,-0.016
21361.052148851155,0.528,0.0
21361.05239441395,0.528,-0.016
21361.05263997674,0.544,0.0
21361.05288553953,0.528,0.0
21361.053131102322,0.544,-0.016
21361.053376665117,0.536,-0.016
21361.053622227908,0.52,0.0
21361.0538677907,0.52,-0.016
21361.05411335349,0.536,0.0
21361.054358916284,0.52,-0.008
21361.054604479075,0.536,-0.016
21361.054850041866,0.544,-0.016
21361.055095604657,0.512,-0.008
21361.05534116745,0.512,-0.016
21361.055586730243,0.528,-0.008
21361.055832293034,0.52,-0.016
21361.056077855825,0.536,0.0
21361.056323418616,0.52,-0.008
21361.05656898141,0.544,-0.016
21361.0568145442,0.544,-0.016
21361.057060106992,0.512,0.0
21361.057305669783,0.512,-0.008
21361.057551232578,0.52,-0.016
21361.05779679537,0.512,-0.016
21361.05804235816,0.52,-0.008
21361.05828792095,0.512,-0.008
21361.058533483745,0.528,-0.016
21361.058779046536,0.528,-0.016
21361.059024609327,0.52,0.0
21361.059270172118,0.528,0.0
21361.059515734913,0.512,-0.016
21361.059761297704,0.512,-0.016
21361.060006860494,0.544,-0.008
21361.060252423285,0.544,-0.016
21361.06049798608,0.52,0.0
21361.06074354887,0.528,-0.008
21361.060989111662,0.512,-0.016
21361.061234674453,0.512,-0.016
21361.061480237244,0.536,-0.008
21361.06172580004,0.52,-0.008
21361.06197136283,0.536,-0.016
21361.06221692562,0.52,-0.008
21361.06246248841,0.536,-0.016
21361.062708051206,0.536,-0.016
21361.062953613997,0.52,0.0
21361.063199176788,0.52,-0.016
21361.06344473958,0.536,-0.008
21361.063690302373,0.52,-0.016
21361.063935865164,0.544,-0.008
21361.064181427955,0.52,-0.008
21361.064426990746,0.512,-0.016
21361.06467255354,0.512,-0.016
21361.06491811633,0.528,0.0
21361.065163679123,0.528,-0.016
21361.065409241914,0.512,0.0
21361.065654804708,0.512,-0.008
21361.0659003675,0.52,-0.016
21361.06614593029,0.512,-0.016
21361.06639149308,0.528,-0.008
21361.066637055876,0.528,-0.016
21361.066882618667,0.512,0.0
21361.067128181458,0.52,-0.016
21361.06737374425,0.528,-0.008
21361.06761930704,0.52,-0.016
21361.067864869834,0.536,0.0
21361.068110432625,0.536,-0.008
21361.068355995416,0.52,-0.016
21361.068601558207,0.512,-0.008
21361.068847121,0.528,-0.016
21361.069092683792,0.512,-0.008
21361.069338246583,0.52,-0.016
21361.069583809374,0.536,-0.016
21361.06982937217,0.512,-0.008
21361.07007493496,0.512,-0.008
21361.07032049775,0.536,-0.016
21361.07056606054,0.52,-0.008
21361.070811623336,0.536,-0.016
21361.071057186127,0.544,-0.016
21361.07130274892,0.52,-0.008
21361.07154831171,0.52,0.0
21361.071793874504,0.544,-0.016
21361.072039437295,0.536,-0.008
21361.072285000086,0.52,0.016
21361.072530562877,0.536,0.024
21361.07277612567,0.52,0.136
21361.073021688462,0.512,0.14400000000000002
21361.073267251253,0.528,0.28800000000000003
21361.073512814044,0.52,0.28
21361.073758376835,0.536,0.352
21361.07400393963,0.536,0.36
21361.07424950242,0.52,0.376
21361.07449506521,0.512,0.376
21361.074740628002,0.536,0.384
21361.074986190797,0.52,0.384
21361.075231753588,0.536,0.392
21361.07547731638,0.536,0.392
21361.07572287917,0.52,0.384
21361.075968441965,0.52,0.392
21361.076214004755,0.536,0.384
21361.076459567546,0.52,0.384
21361.076705130337,0.536,0.392
21361.076950693132,0.536,0.392
21361.077196255923,0.52,0.384
21361.077441818714,0.52,0.384
21361.077687381505,0.536,0.376
21361.0779329443,0.536,0.384
21361.07817850709,0.528,0.392
21361.07842406988,0.544,0.384
21361.078669632672,0.52,0.392
21361.078915195467,0.528,0.384
21361.079160758258,0.52,0.392
21361.07940632105,0.536,0.384
21361.07965188384,0.512,0.392
21361.07989744663,0.52,0.384
21361.080143009425,0.536,0.384
21361.080388572216,0.52,0.384
21361.080634135007,0.536,0.384
21361.080879697798,0.512,0.384
21361.081125260593,0.536,0.392
21361.081370823384,0.52,0.384
21361.081616386175,0.536,0.392
21361.081861948966,0.52,0.384
21361.08210751176,0.536,0.384
21361.08235307455,0.528,0.384
21361.082598637342,0.544,0.392
21361.082844200133,0.536,0.384
21361.083089762928,0.512,0.392
21361.08333532572,0.512,0.392
21361.08358088851,0.536,0.384
21361.0838264513,0.528,0.384
21361.084072014095,0.544,0.392
21361.084317576886,0.528,0.384
21361.084563139677,0.536,0.392
21361.084808702468,0.528,0.384
21361.085054265262,0.536,0.384
21361.085299828053,0.528,0.384
21361.085545390844,0.536,0.392
21361.085790953635,0.528,0.392
21361.086036516426,0.544,0.384
21361.08628207922,0.528,0.384
21361.08652764201,0.544,0.392
21361.086773204803,0.528,0.384
21361.087018767594,0.536,0.392
21361.08726433039,0.528,0.392
21361.08750989318,0.544,0.384
21361.08775545597,0.544,0.384
21361.08800101876,0.528,0.392
21361.088246581556,0.544,0.384
21361.088492144347,0.528,0.384
21361.088737707138,0.528,0.384
21361.08898326993,0.544,0.384
21361.089228832723,0.544,0.384
21361.089474395514,0.528,0.392
21361.089719958305,0.528,0.384
21361.089965521096,0.536,0.392
21361.09021108389,0.528,0.384
21361.09045664668,0.544,0.392
21361.090702209473,0.528,0.384
21361.090947772263,0.544,0.392
21361.091193335058,0.528,0.384
21361.09143889785,0.544,0.384
21361.09168446064,0.528,0.392
21361.09193002343,0.544,0.384
21361.092175586222,0.528,0.384
21361.092421149016,0.536,0.392
21361.092666711807,0.528,0.384
21361.0929122746,0.536,0.392
21361.09315783739,0.528,0.384
21361.093403400184,0.544,0.392
21361.093648962975,0.528,0.384
21361.093894525766,0.544,0.392
21361.094140088557,0.528,0.392
21361.09438565135,0.544,0.384
21361.094631214142,0.528,0.392
21361.094876776933,0.544,0.384
21361.095122339724,0.528,0.384
21361.09536790252,0.544,0.392
21361.09561346531,0.544,0.384
21361.0958590281,0.528,0.392
21361.09610459089,0.528,0.384
21361.096350153686,0.544,0.392
21361.096595716477,0.528,0.384
21361.096841279268,0.544,0.392
21361.09708684206,0.544,0.384
21361.097332404854,0.528,0.384
21361.097577967645,0.528,0.384
21361.097823530436,0.544,0.384
21361.098069093227,0.544,0.384
21361.098314656017,0.528,0.384
21361.098560218812,0.528,0.384
21361.098805781603,0.544,0.392
21361.099051344394,0.528,0.384
21361.099296907185,0.544,0.392
21361.09954246998,0.544,0.384
21361.09978803277,0.528,0.384
21361.10003359556,0.528,0.384
21361.100279158352,0.544,0.392
21361.100524721147,0.528,0.384
21361.100770283938,0.536,0.392
21361.10101584673,0.528,0.384
21361.10126140952,0.536,0.392
21361.101506972314,0.528,0.384
21361.101752535105,0.544,0.384
21361.101998097896,0.528,0.392
21361.102243660687,0.544,0.376
21361.102489223482,0.544,0.384
21361.102734786273,0.52,0.384
21361.102980349064,0.52,0.384
21361.103225911855,0.536,0.392
21361.10347147465,0.512,0.384
21361.10371703744,0.536,0.392
21361.10396260023,0.528,0.384
21361.104208163022,0.544,0.392
21361.104453725813,0.528,0.384
21361.104699288608,0.544,0.392
21361.1049448514,0.528,0.384
21361.10519041419,0.544,0.384
21361.10543597698,0.528,0.384
21361.105681539775,0.544,0.384
21361.105927102566,0.544,0.384
21361.106172665357,0.528,0.392
21361.106418228148,0.544,0.392
21361.106663790943,0.528,0.384
21361.106909353733,0.528,0.384
21361.107154916524,0.544,0.384
21361.107400479315,0.528,0.384
21361.10764604211,0.544,0.392
21361.1078916049,0.528,0.384
21361.108137167692,0.544,0.384
21361.108382730483,0.544,0.384
21361.108628293277,0.528,0.392
21361.10887385607,0.528,0.384
21361.10911941886,0.544,0.392
21361.10936498165,0.528,0.384
21361.109610544445,0.544,0.384
21361.109856107236,0.528,0.392
21361.110101670027,0.536,0.384
21361.110347232818,0.528,0.384
21361.11059279561,0.536,0.384
21361.110838358403,0.528,0.384
21361.111083921194,0.544,0.392
21361.111329483985,0.528,0.384
21361.111575046776,0.544,0.392
21361.11182060957,0.528,0.384
21361.11206617236,0.544,0.392
21361.112311735153,0.528,0.384
21361.112557297944,0.544,0.4
21361.112802860738,0.528,0.384
21361.11304842353,0.544,0.392
21361.11329398632,0.528,0.384
21361.11353954911,0.544,0.384
21361.113785111906,0.528,0.384
21361.114030674697,0.544,0.384
21361.114276237488,0.528,0.384
21361.11452180028,0.544,0.392
21361.114767363073,0.528,0.384
21361.115012925864,0.536,0.392
21361.115258488655,0.528,0.392
21361.115504051446,0.544,0.384
21361.11574961424,0.528,0.384
21361.11599517703,0.544,0.392
21361.12223982811,0.528,-0.016
21361.122504801155,0.544,0.0
21361.1227697742,0.528,0.0
21361.123034747245,0.544,-0.016
21361.123299720286,0.528,-0.016
21361.12356469333,0.536,0.0
21361.123829666376,0.528,0.0
21361.12409463942,0.544,-0.016
21361.124359612466,0.528,-0.016
21361.12462458551,0.536,0.0
21361.124889558552,0.528,0.0
21361.125154531597,0.544,-0.016
21361.125419504642,0.536,0.0
21361.125684477687,0.52,-0.016
21361.125949450732,0.52,-0.016
21361.126214423777,0.544,0.0
21361.12647939682,0.544,-0.016
21361.126744369863,0.528,0.0
21361.12700934291,0.528,-0.016
21361.127274315953,0.544,0.0
21361.127539289,0.528,-0.008
21361.127804262043,0.536,0.024
21361.128069235085,0.528,0.032
21361.12833420813,0.536,0.128
21361.128599181175,0.528,0.136
21361.12886415422,0.544,0.28
21361.129129127265,0.528,0.296
21361.12939410031,0.536,0.36
21361.129659073355,0.528,0.36
21361.129924046396,0.544,0.392
21361.13018901944,0.544,0.384
21361.130453992486,0.52,0.4
21361.13071896553,0.528,0.392
21361.130983938576,0.544,0.4
21361.13124891162,0.544,0.4
21361.131513884662,0.52,0.392
21361.131778857707,0.52,0.392
21361.132043830752,0.544,0.4
21361.132308803797,0.52,0.392
21361.132573776842,0.544,0.40800000000000003
21361.132838749887,0.52,0.392
21361.13310372293,0.536,0.4
21361.133368695973,0.52,0.392
21361.13363366902,0.536,0.4
21361.133898642063,0.52,0.392
21361.13416361511,0.536,0.4
21361.134428588153,0.52,0.392
21361.134693561195,0.544,0.4
21361.13495853424,0.544,0.392
21361.135223507285,0.512,0.4
21361.13548848033,0.512,0.4
21361.135753453374,0.536,0.392
21361.13601842642,0.512,0.392
21361.136283399464,0.528,0.4
21361.136548372506,0.512,0.4
21361.13681334555,0.536,0.392
21361.137078318596,0.536,0.4
21361.13734329164,0.512,0.392
21361.137608264686,0.52,0.392
21361.13787323773,0.536,0.40800000000000003
21361.138138210772,0.528,0.392
21361.138403183817,0.536,0.4
21361.138668156862,0.528,0.392
21361.138933129907,0.536,0.40800000000000003
21361.139198102952,0.528,0.392
21361.139463075997,0.536,0.4
21361.13972804904,0.528,0.392
21361.139993022083,0.536,0.4
21361.14025799513,0.528,0.392
21361.140522968173,0.536,0.4
21361.140787941218,0.52,0.392
21361.141052914263,0.544,0.4
21361.141317887304,0.528,0.4
21361.14158286035,0.544,0.392
21361.141847833394,0.528,0.392
21361.14211280644,0.536,0.4
21361.142377779484,0.52,0.392
21361.14264275253,0.544,0.4
21361.142907725574,0.536,0.392
21361.143172698616,0.52,0.40800000000000003
21361.14343767166,0.536,0.392
21361.143702644706,0.52,0.40800000000000003
21361.14396761775,0.52,0.392
21361.144232590796,0.544,0.4
21361.14449756384,0.528,0.4
21361.144762536882,0.544,0.392
21361.145027509927,0.528,0.392
21361.145292482972,0.544,0.392
21361.145557456017,0.528,0.392
21361.14582242906,0.536,0.392
21361.146087402107,0.528,0.392
21361.146352375148,0.536,0.4
21361.146617348193,0.528,0.40800000000000003
21361.146882321238,0.536,0.392
21361.147147294283,0.528,0.392
21361.147412267328,0.544,0.392
21361.147677240373,0.544,0.392
21361.147942213414,0.52,0.4
21361.14820718646,0.512,0.392
21361.148472159504,0.536,0.40800000000000003
21361.14873713255,0.52,0.392
21361.149002105594,0.536,0.40800000000000003
21361.14926707864,0.536,0.392
21361.149532051684,0.512,0.392
21361.149797024726,0.512,0.392
21361.15006199777,0.528,0.40800000000000003
21361.150326970816,0.528,0.392
21361.15059194386,0.512,0.392
21361.150856916905,0.52,0.392
21361.15112188995,0.536,0.4
21361.15138686299,0.52,0.40800000000000003
21361.151651836037,0.528,0.392
21361.15191680908,0.52,0.392
21361.152181782127,0.536,0.4
21361.15244675517,0.536,0.392
21361.152711728217,0.512,0.40800000000000003
21361.152976701258,0.52,0.392
21361.153241674303,0.536,0.392
21361.153506647348,0.536,0.392
21361.153771620393,0.52,0.4
21361.154036593438,0.52,0.392
21361.154301566483,0.528,0.40800000000000003
21361.154566539524,0.52,0.392
21361.15483151257,0.528,0.4
21361.155096485614,0.52,0.392
21361.15536145866,0.528,0.4
21361.155626431704,0.52,0.392
21361.15589140475,0.536,0.4
21361.156156377794,0.52,0.392
21361.156421350835,0.536,0.4
21361.15668632388,0.544,0.392
21361.156951296925,0.512,0.4
21361.15721626997,0.512,0.392
21361.157481243015,0.528,0.40800000000000003
21361.15774621606,0.52,0.392
21361.1580111891,0.528,0.4
21361.158276162147,0.544,0.392
21361.15854113519,0.512,0.4
21361.158806108237,0.512,0.392
21361.15907108128,0.536,0.4
21361.159336054327,0.52,0.392
21361.159601027368,0.536,0.40800000000000003
21361.159866000413,0.52,0.4
21361.160130973458,0.528,0.384
21361.160395946503,0.52,0.384
21361.160660919548,0.536,0.4
21361.160925892593,0.536,0.392
21361.161190865634,0.512,0.40800000000000003
21361.16145583868,0.512,0.392
21361.161720811724,0.544,0.4
21361.16198578477,0.52,0.40800000000000003
21361.162250757814,0.544,0.392
21361.16251573086,0.528,0.392
21361.162780703904,0.544,0.4
21361.163045676945,0.528,0.392
21361.16331064999,0.544,0.40800000000000003
21361.163575623035,0.528,0.392
21361.16384059608,0.544,0.40800000000000003
21361.164105569125,0.536,0.392
21361.16437054217,0.52,0.4
21361.16463551521,0.528,0.392
21361.164900488257,0.536,0.40800000000000003
21361.1651654613,0.528,0.392
21361.165430434346,0.536,0.4
21361.16569540739,0.528,0.392
21361.165960380436,0.536,0.40800000000000003
21361.166225353478,0.528,0.392
21361.166490326523,0.544,0.4
21361.166755299568,0.528,0.392
21361.167020272613,0.536,0.40800000000000003
21361.167285245658,0.544,0.392
21361.167550218703,0.52,0.4
21361.167815191744,0.528,0.4
21361.16808016479,0.544,0.392
21361.168345137834,0.528,0.392
21361.16861011088,0.544,0.4
21361.168875083924,0.528,0.392
21361.16914005697,0.536,0.4
21361.169405030014,0.528,0.392
21361.169670003055,0.544,0.40800000000000003
21361.1699349761,0.528,0.392
21361.170199949145,0.536,0.40800000000000003
21361.17046492219,0.528,0.392
21361.170729895235,0.536,0.4
21361.17099486828,0.528,0.4
21361.17125984132,0.544,0.392
21361.171524814366,0.528,0.392
21361.17178978741,0.544,0.4
21361.172054760456,0.536,0.392
21361.1723197335,0.528,0.4
21361.172584706546,0.536,0.392
21361.172849679588,0.528,0.392
21361.173114652633,0.536,0.392
21361.173379625678,0.52,0.4
21361.173644598723,0.52,0.392
21361.173909571768,0.544,0.40800000000000003
21361.174174544813,0.528,0.392
21361.174439517854,0.544,0.4
21361.1747044909,0.528,0.392
21361.174969463944,0.544,0.4
21361.17523443699,0.528,0.392
21361.175499410034,0.536,0.40800000000000003
21361.17576438308,0.528,0.392
21361.176029356124,0.544,0.40800000000000003
21361.176294329165,0.528,0.392
21361.17655930221,0.536,0.4
21361.176824275255,0.528,0.392
21361.1770892483,0.544,0.40800000000000003
21361.177354221345,0.528,0.392
21361.17761919439,0.544,0.4
21361.17788416743,0.52,0.4
21361.178149140476,0.544,0.392
21361.17841411352,0.528,0.392
21361.178679086566,0.544,0.4
21361.17894405961,0.544,0.392
21361.179209032656,0.52,0.4
21361.179474005698,0.536,0.392
21361.179738978743,0.528,0.4
21361.180003951788,0.528,0.392
21361.180268924832,0.544,0.4
21361.180533897877,0.528,0.392
21361.180798870922,0.536,0.4
21361.181063843964,0.528,0.392
21361.18132881701,0.544,0.40800000000000003
21361.181593790054,0.544,0.392
21361.1818587631,0.52,0.40800000000000003
21361.182123736144,0.528,0.4
21361.18238870919,0.544,0.392
21361.182653682234,0.544,0.392
21361.182918655275,0.52,0.40800000000000003
21361.18318362832,0.52,0.40800000000000003
21361.183448601365,0.536,0.392
21361.18371357441,0.528,0.392
21361.183978547455,0.544,0.4
21361.1842435205,0.536,0.392
21361.18450849354,0.52,0.4
21361.184773466586,0.528,0.392
21361.18503843963,0.536,0.40800000000000003
21361.185303412676,0.528,0.392
21361.18556838572,0.544,0.40800000000000003
21361.185833358766,0.536,0.392
21361.186098331807,0.528,0.4
21361.186363304852,0.528,0.392
21361.186628277897,0.544,0.40800000000000003
21361.186893250942,0.528,0.392
21361.187158223987,0.544,0.4
21361.187423197032,0.536,0.392
21361.187688170074,0.528,0.40800000000000003
21361.18795314312,0.528,0.392
21361.188218116164,0.544,0.40800000000000003
21361.18848308921,0.528,0.392
21361.188748062254,0.544,0.4
21361.1890130353,0.528,0.392
21361.189278008344,0.536,0.40800000000000003
21361.189542981385,0.528,0.392
21361.18980795443,0.544,0.4
21361.190072927475,0.528,0.392
21361.19033790052,0.544,0.40800000000000003
21361.190602873565,0.528,0.4
21361.19086784661,0.544,0.392
21361.19113281965,0.528,0.392
21361.191397792696,0.536,0.40800000000000003
21361.19166276574,0.528,0.392
21361.191927738786,0.544,0.40800000000000003
21361.19219271183,0.528,0.4
21361.192457684876,0.544,0.392
21361.192722657917,0.544,0.392
21361.192987630962,0.528,0.40800000000000003
21361.193252604007,0.528,0.392
21361.193517577052,0.544,0.384
21361.193782550097,0.536,0.384
21361.194047523142,0.52,0.312
21361.194312496184,0.528,0.304
21361.19457746923,0.536,0.16
21361.194842442274,0.528,0.152
21361.19510741532,0.536,0.056
21361.195372388363,0.528,0.048
21361.19563736141,0.544,0.008
21361.195902334453,0.528,0.016
21361.196167307495,0.536,-0.008
21361.19643228054,0.528,0.0
21361.196697253585,0.544,-0.008
21361.19696222663,0.528,0.0
21361.197227199675,0.544,-0.008
21361.19749217272,0.528,0.0
21361.19775714576,0.544,-0.008
21361.198022118806,0.528,0.0
21361.19828709185,0.536,-0.008
21361.198552064896,0.528,-0.008
21361.19881703794,0.544,0.0
21361.199082010986,0.536,0.0
21361.199346984027,0.52,-0.016
21361.199611957072,0.52,-0.016
21361.199876930117,0.544,0.0
21361.200141903162,0.528,0.0
21361.200406876207,0.544,-0.008
21361.200671849252,0.52,-0.008
21361.200936822293,0.544,0.0
21361.20120179534,0.528,0.0
21361.201466768383,0.544,-0.016
21361.20173174143,0.544,0.0
21361.201996714473,0.52,-0.008
21361.20226168752,0.528,-0.008
21361.202526660563,0.536,0.0
21361.202791633605,0.528,-0.016
21361.20305660665,0.536,0.0
21361.203321579695,0.536,0.0
21361.20358655274,0.52,-0.008
21361.203851525785,0.52,0.0
21361.20411649883,0.544,-0.008
21361.20438147187,0.544,0.0
21361.204646444916,0.52,-0.008
21361.20491141796,0.528,0.0
21361.205176391006,0.544,-0.016
21361.20544136405,0.528,0.0
21361.205706337096,0.544,-0.016
21361.205971310137,0.528,0.0
21361.206236283182,0.544,-0.016
21361.206501256227,0.528,0.0
21361.206766229272,0.544,-0.008
21361.207031202317,0.528,0.0
21361.207296175362,0.536,-0.016
21361.207561148403,0.528,0.0
21361.20782612145,0.536,-0.016
21361.208091094493,0.528,0.0
21361.20835606754,0.544,-0.016
21361.208621040583,0.528,0.0
21361.20888601363,0.536,-0.016
21361.209150986673,0.544,0.0
21361.209415959715,0.528,-0.016
21361.20968093276,0.528,0.0
21361.209945905804,0.544,-0.016
21361.21021087885,0.536,0.0
21361.210475851894,0.52,-0.016
21361.21074082494,0.528,0.0
21361.21100579798,0.536,-0.016
21361.211270771026,0.528,0.0
21361.21153574407,0.536,-0.016
21361.211800717116,0.528,0.0
21361.21206569016,0.544,-0.016
21361.212330663206,0.528,0.0
21361.212595636247,0.544,-0.016
21361.212860609292,0.528,-0.016
21361.213125582337,0.544,0.0
21361.213390555382,0.528,-0.016
21361.213655528427,0.544,0.0
21361.213920501472,0.52,-0.016
21361.214185474513,0.536,0.0
21361.21445044756,0.528,0.0
21361.214715420603,0.544,-0.016
21361.214980393648,0.528,0.0
21361.215245366693,0.536,-0.016
21361.215510339738,0.544,-0.016
21361.215775312783,0.528,0.0
21361.216040285824,0.528,-0.016
21361.21630525887,0.544,0.0
21361.216570231914,0.528,0.0
21361.21683520496,0.544,-0.008
21361.217100178004,0.528,-0.016
21361.21736515105,0.544,0.0
21361.21763012409,0.528,-0.016
21361.217895097136,0.544,0.0
21361.21816007018,0.528,0.0
21361.218425043226,0.544,-0.016
21361.21869001627,0.528,-0.016
21361.218954989316,0.544,0.0
21361.219219962357,0.528,-0.016
21361.219484935402,0.544,0.0
21361.219749908447,0.536,-0.016
21361.22001488149,0.52,0.0
21361.220279854537,0.52,-0.016
21361.22054482758,0.544,0.0
21361.220809800623,0.528,0.0
21361.221074773668,0.536,-0.016
21361.221339746713,0.528,0.0
21361.221604719758,0.536,-0.016
21361.221869692803,0.528,0.0
21361.222134665848,0.536,-0.016
21361.222399638893,0.528,0.0
21361.222664611934,0.544,-0.016
21361.22292958498,0.536,-0.016
21361.223194558024,0.52,0.0
21361.22345953107,0.536,0.0
21361.223724504114,0.528,-0.016
21361.22398947716,0.528,0.0
21361.2242544502,0.536,-0.016
21361.224519423246,0.52,0.0
21361.22478439629,0.536,-0.016
21361.225049369335,0.528,0.0
21361.22531434238,0.536,-0.016
21361.225579315425,0.52,-0.016
21361.225844288467,0.544,0.0
21361.22610926151,0.528,-0.016
21361.226374234557,0.536,0.0
21361.2266392076,0.528,-0.016
21361.226904180647,0.544,0.0
21361.22716915369,0.528,0.0
21361.227434126733,0.544,-0.016
21361.227699099778,0.544,-0.016
21361.227964072823,0.528,0.0
21361.228229045868,0.528,-0.016
21361.228494018913,0.544,0.0
21361.228758991958,0.528,-0.016
21361.229023965003,0.536,0.0
21361.229288938044,0.528,-0.016
21361.22955391109,0.536,0.0
21361.229818884134,0.528,0.0
21361.23008385718,0.536,-0.016
21361.230348830224,0.528,0.0
21361.23061380327,0.544,-0.016
21361.23087877631,0.52,0.0
21361.231143749355,0.544,-0.016
21361.2314087224,0.528,-0.016
21361.231673695445,0.544,0.0
21361.23193866849,0.528,-0.016
21361.232203641535,0.544,0.0
21361.232468614577,0.52,-0.016
21361.23273358762,0.544,0.0
21361.232998560667,0.528,0.0
21361.23326353371,0.544,-0.016
21361.233528506757,0.536,-0.016
21361.2337934798,0.52,0.0
21361.234058452843,0.528,-0.016
21361.234323425888,0.544,0.0
21361.234588398933,0.528,-0.016
21361.234853371978,0.536,0.0
21361.235118345023,0.528,-0.016
21361.235383318068,0.544,0.0
21361.235648291113,0.528,-0.016
21361.235913264154,0.536,0.0
21361.2361782372,0.52,0.0
21361.236443210244,0.544,-0.016
21361.23670818329,0.528,-0.016
21361.236973156334,0.544,0.0
21361.23723812938,0.536,-0.016
21361.23750310242,0.52,0.0
21361.237768075465,0.528,-0.016
21361.23803304851,0.544,0.0
21361.238298021555,0.528,0.0
21361.2385629946,0.536,-0.016
21361.238827967645,0.528,0.0
21361.239092940687,0.544,-0.016
21361.23935791373,0.528,-0.016
21361.239622886776,0.544,0.0
21361.23988785982,0.52,-0.016
21361.240152832866,0.544,0.0
21361.24041780591,0.528,0.0
21361.240682778953,0.544,-0.016
21361.240947751998,0.528,0.0
21361.241212725043,0.536,-0.016
21361.241477698088,0.52,0.0
21361.241742671133,0.544,-0.016
21361.242007644178,0.528,-0.016
21361.242272617223,0.536,0.0
21361.242537590264,0.528,-0.016
21361.24280256331,0.536,0.0
21361.243067536354,0.536,0.0
21361.2433325094,0.528,-0.016
21361.243597482444,0.528,0.0
21361.24386245549,0.544,-0.016
21361.24412742853,0.536,-0.016
21361.244392401575,0.52,0.0
21361.24465737462,0.528,0.0
21361.244922347665,0.544,-0.016
21361.24518732071,0.536,-0.016
21361.245452293755,0.52,0.0
21361.245717266796,0.528,-0.016
21361.24598223984,0.544,0.0
21361.246247212886,0.536,0.0
21361.24651218593,0.528,-0.016
21361.246777158976,0.52,-0.016
21361.24704213202,0.544,0.0
21361.247307105063,0.528,-0.016
21361.247572078108,0.544,0.0
21361.247837051153,0.528,0.0
21361.248102024198,0.536,-0.016
21361.248366997243,0.528,0.0
21361.248631970288,0.536,-0.016
21361.248896943333,0.536,-0.016
21361.249161916374,0.52,0.0
21361.24942688942,0.52,-0.016
21361.249691862464,0.544,0.0
21361.24995683551,0.528,0.0
21361.250221808554,0.544,-0.016
21361.2504867816,0.536,-0.016
21361.25075175464,0.52,0.0
21361.251016727685,0.528,-0.016
21361.25128170073,0.544,0.0
21361.251546673775,0.528,-0.016
21361.25181164682,0.544,0.0
21361.252076619865,0.52,0.0
21361.252341592906,0.544,-0.016
21361.25260656595,0.528,0.0
21361.252871538996,0.544,-0.016
21361.25313651204,0.536,0.0
21361.253401485086,0.52,-0.016
21361.25366645813,0.528,-0.016
21361.253931431173,0.544,0.0
21361.254196404218,0.528,0.0
21361.254461377262,0.544,-0.016
21361.254726350307,0.544,0.0
21361.254991323352,0.528,-0.016
21361.255256296397,0.528,-0.016
21361.255521269442,0.536,0.0
21361.255786242484,0.536,-0.016
21361.25605121553,0.52,0.0
21361.256316188574,0.528,-0.016
21361.25658116162,0.536,0.0
21361.256846134664,0.528,-0.016
21361.25711110771,0.544,0.0
21361.25737608075,0.536,-0.016
21361.257641053795,0.52,0.0
21361.25790602684,0.52,-0.016
21361.258170999885,0.544,0.0
21361.25843597293,0.528,-0.016
21361.258700945975,0.536,0.0
21361.258965919016,0.528,-0.016
21361.25923089206,0.544,0.0
21361.259495865106,0.528,-0.016
21361.25976083815,0.544,0.0
21361.260025811196,0.528,-0.008
21361.26029078424,0.544,0.024
21361.260555757282,0.544,0.024
21361.260820730327,0.52,0.128
21361.261085703372,0.536,0.136
21361.261350676417,0.512,0.28
21361.261615649462,0.512,0.28800000000000003
21361.261880622507,0.528,0.352
21361.262145595552,0.528,0.352
21361.262410568594,0.512,0.384
21361.26267554164,0.512,0.376
21361.262940514684,0.536,0.392
21361.26320548773,0.544,0.392
21361.263470460774,0.512,0.4
21361.26373543382,0.512,0.392
21361.26400040686,0.528,0.384
21361.264265379905,0.52,0.392
21361.26453035295,0.536,0.4
21361.264795325995,0.528,0.392
21361.26506029904,0.512,0.4
21361.265325272085,0.512,0.392
21361.265590245126,0.52,0.4
21361.26585521817,0.528,0.392
21361.266120191216,0.512,0.4
21361.26638516426,0.512,0.392
21361.266650137306,0.528,0.4
21361.26691511035,0.52,0.392
21361.267180083392,0.536,0.40800000000000003
21361.267445056437,0.512,0.392
21361.267710029482,0.528,0.4
21361.267975002527,0.512,0.392
21361.268239975572,0.528,0.40800000000000003
21361.268504948617,0.512,0.392
21361.268769921662,0.528,0.40800000000000003
21361.269034894704,0.512,0.4
21361.26929986775,0.528,0.392
21361.269564840793,0.52,0.392
21361.26982981384,0.536,0.40800000000000003
21361.270094786883,0.512,0.392
21361.27035975993,0.528,0.40800000000000003
21361.27062473297,0.52,0.392
21361.270889706015,0.536,0.40800000000000003
21361.27115467906,0.528,0.392
21361.271419652105,0.512,0.40800000000000003
21361.27168462515,0.512,0.392
21361.271949598195,0.536,0.4
21361.272214571236,0.528,0.392
21361.27247954428,0.512,0.4
21361.272744517326,0.512,0.392
21361.27300949037,0.528,0.4
21361.273274463416,0.536,0.392
21361.27353943646,0.504,0.4
21361.273804409502,0.52,0.392
21361.274069382547,0.504,0.40800000000000003
21361.274334355592,0.528,0.392
21361.274599328637,0.512,0.40800000000000003
21361.274864301682,0.528,0.392
21361.275129274727,0.512,0.40800000000000003
21361.275394247772,0.52,0.392
21361.275659220813,0.512,0.392
21361.27592419386,0.512,0.392
21361.276189166903,0.528,0.40800000000000003
21361.27645413995,0.52,0.392
21361.276719112993,0.536,0.4
21361.27698408604,0.52,0.40800000000000003
21361.27724905908,0.536,0.392
21361.277514032125,0.528,0.392
21361.27777900517,0.512,0.4
21361.278043978215,0.528,0.4
21361.27830895126,0.544,0.384
21361.278573924305,0.544,0.384
21361.278838897346,0.52,0.392
21361.27910387039,0.528,0.376
21361.279368843436,0.544,0.392
21361.27963381648,0.528,0.4
21361.279898789526,0.544,0.384
21361.28016376257,0.528,0.392
21361.280428735612,0.536,0.376
21361.280693708657,0.528,0.392
21361.280958681702,0.536,0.4
21361.281223654747,0.528,0.4
21361.281488627792,0.544,0.376
21361.281753600837,0.528,0.384
21361.282018573882,0.544,0.4
21361.282283546923,0.536,0.392
21361.28254851997,0.528,0.4
21361.282813493013,0.52,0.4
21361.28307846606,0.544,0.392
21361.283343439103,0.528,0.4
21361.283608412148,0.544,0.392
21361.28387338519,0.544,0.392
21361.284138358234,0.52,0.4
21361.28440333128,0.528,0.392
21361.284668304324,0.544,0.4
21361.28493327737,0.528,0.392
21361.285198250414,0.536,0.40800000000000003
21361.285463223456,0.528,0.392
21361.2857281965,0.536,0.4
21361.285993169546,0.528,0.4
21361.28625814259,0.536,0.392
21361.286523115636,0.528,0.40800000000000003
21361.28678808868,0.536,0.392
21361.287053061722,0.528,0.392
21361.287318034767,0.544,0.40800000000000003
21361.287583007812,0.52,0.40800000000000003
21361.287847980857,0.544,0.392
21361.288112953902,0.528,0.392
21361.288377926947,0.536,0.4
21361.288642899992,0.528,0.392
21361.288907873033,0.544,0.40800000000000003
21361.289172846078,0.52,0.392
21361.289437819123,0.544,0.40800000000000003
21361.289702792168,0.528,0.392
21361.289967765213,0.544,0.4
21361.290232738258,0.528,0.392
21361.2904977113,0.544,0.40800000000000003
21361.290762684344,0.528,0.392
21361.29102765739,0.536,0.4
21361.291292630434,0.528,0.392
21361.29155760348,0.544,0.4
21361.291822576524,0.528,0.392
21361.292087549566,0.544,0.4
21361.29235252261,0.536,0.392
21361.292617495656,0.52,0.4
21361.2928824687,0.528,0.392
21361.293147441746,0.544,0.4
21361.29341241479,0.528,0.392
21361.293677387832,0.536,0.40800000000000003
21361.293942360877,0.528,0.4
21361.29420733392,0.544,0.392
21361.294472306967,0.536,0.392
21361.29473728001,0.52,0.40800000000000003
21361.295002253057,0.528,0.392
21361.2952672261,0.544,0.40800000000000003
21361.295532199143,0.536,0.392
21361.295797172188,0.52,0.40800000000000003
21361.296062145233,0.528,0.392
21361.296327118278,0.544,0.4
21361.296592091323,0.528,0.392
21361.296857064368,0.544,0.4
21361.29712203741,0.528,0.392
21361.297387010454,0.544,0.4
21361.2976519835,0.52,0.392
21361.297916956544,0.544,0.4
21361.29818192959,0.528,0.392
21361.298446902634,0.536,0.40800000000000003
21361.298711875676,0.528,0.4
21361.29897684872,0.544,0.392
21361.299241821765,0.528,0.392
21361.29950679481,0.544,0.4
21361.299771767855,0.52,0.392
21361.3000367409,0.544,0.4
21361.30030171394,0.528,0.4
21361.300566686987,0.544,0.392
21361.30083166003,0.528,0.392
21361.301096633077,0.544,0.40800000000000003
21361.30136160612,0.528,0.392
21361.301626579167,0.536,0.40800000000000003
21361.30189155221,0.528,0.392
21361.302156525253,0.544,0.4
21361.302421498298,0.544,0.392
21361.302686471343,0.528,0.40800000000000003
21361.302951444388,0.528,0.392
21361.303216417433,0.544,0.4
21361.303481390478,0.528,0.392
21361.30374636352,0.544,0.4
21361.304011336564,0.528,0.392
21361.30427630961,0.536,0.40800000000000003
21361.304541282654,0.528,0.392
21361.3048062557,0.536,0.40800000000000003
21361.305071228744,0.528,0.4
21361.305336201785,0.544,0.392
21361.30560117483,0.528,0.4
21361.305866147875,0.544,0.392
21361.30613112092,0.52,0.384
21361.306396093965,0.544,0.4
21361.30666106701,0.528,0.392
21361.30692604005,0.544,0.40800000000000003
21361.307191013097,0.528,0.392
21361.30745598614,0.544,0.40800000000000003
21361.307720959187,0.544,0.40800000000000003
21361.30798593223,0.528,0.392
21361.308250905277,0.528,0.392
21361.30851587832,0.544,0.40800000000000003
21361.308780851363,0.528,0.4
21361.309045824408,0.544,0.392
21361.309310797453,0.528,0.4
21361.309575770498,0.544,0.392
21361.309840743543,0.536,0.4
21361.310105716588,0.52,0.392
21361.31037068963,0.544,0.4
21361.310635662674,0.52,0.392
21361.31090063572,0.528,0.392
21361.311165608764,0.544,0.4
21361.31143058181,0.536,0.4
21361.311695554854,0.52,0.392
21361.311960527895,0.528,0.392
21361.31222550094,0.544,0.40800000000000003
21361.312490473985,0.536,0.392
21361.31275544703,0.52,0.4
21361.313020420075,0.528,0.4
21361.31328539312,0.536,0.384
21361.31355036616,0.528,0.384
21361.313815339206,0.544,0.4
21361.31408031225,0.528,0.392
21361.314345285296,0.544,0.4
21361.31461025834,0.536,0.392
21361.314875231386,0.52,0.40800000000000003
21361.31514020443,0.528,0.392
21361.315405177473,0.544,0.4
21361.315670150518,0.52,0.392
21361.315935123563,0.544,0.40800000000000003
21361.316200096608,0.528,0.40800000000000003
21361.316465069653,0.536,0.392
21361.316730042698,0.528,0.392
21361.31699501574,0.544,0.40800000000000003
21361.317259988784,0.528,0.392
21361.31752496183,0.544,0.40800000000000003
21361.317789934874,0.536,0.392
21361.31805490792,0.528,0.4
21361.318319880964,0.528,0.4
21361.318584854005,0.544,0.392
21361.31884982705,0.536,0.392
21361.319114800095,0.528,0.40800000000000003
21361.31937977314,0.536,0.392
21361.319644746185,0.528,0.4
21361.31990971923,0.528,0.392
21361.32017469227,0.544,0.40800000000000003
21361.320439665316,0.536,0.392
21361.32070463836,0.528,0.40800000000000003
21361.320969611406,0.536,0.392
21361.32123458445,0.52,0.4
21361.321499557496,0.528,0.392
21361.32176453054,0.536,0.40800000000000003
21361.322029503583,0.528,0.392
21361.322294476628,0.536,0.40800000000000003
21361.322559449673,0.536,0.4
21361.322824422718,0.52,0.392
21361.323089395763,0.528,0.392
21361.323354368807,0.544,0.4
21361.32361934185,0.528,0.392
21361.323884314894,0.544,0.40800000000000003
21361.32414928794,0.544,0.40800000000000003
21361.324414260984,0.528,0.392
21361.32467923403,0.528,0.392
21361.324944207074,0.536,0.40800000000000003
21361.325209180115,0.528,0.392
21361.32547415316,0.536,0.4
21361.325739126205,0.528,0.4
21361.32600409925,0.544,0.376
21361.326269072295,0.528,0.376
21361.32653404534,0.544,0.304
21361.32679901838,0.528,0.304
21361.327063991426,0.536,0.168
21361.32732896447,0.528,0.152
21361.327593937516,0.544,0.048
21361.32785891056,0.528,0.048
21361.328123883606,0.544,0.008
21361.32838885665,0.528,0.008
21361.328653829692,0.544,-0.008
21361.328918802737,0.528,0.0
21361.329183775782,0.544,-0.008
21361.329448748827,0.528,0.0
21361.329713721872,0.544,-0.008
21361.329978694917,0.528,0.0
21361.33024366796,0.544,-0.016
21361.330508641004,0.528,0.0
21361.33077361405,0.544,-0.008
21361.331038587094,0.528,0.0
21361.33130356014,0.536,-0.016
21361.331568533184,0.528,-0.008
21361.331833506225,0.536,0.0
21361.33209847927,0.528,0.0
21361.332363452315,0.536,-0.016
21361.33262842536,0.536,-0.008
21361.332893398405,0.52,0.0
21361.33315837145,0.528,0.0
21361.33342334449,0.544,-0.016
21361.333688317536,0.528,0.0
21361.33395329058,0.536,-0.008
21361.334218263626,0.528,0.0
21361.33448323667,0.536,-0.016
21361.334748209716,0.528,-0.008
21361.33501318276,0.544,0.0
21361.335278155802,0.544,-0.008
21361.335543128847,0.52,0.0
21361.335808101892,0.528,0.0
21361.336073074937,0.536,-0.016
21361.336338047982,0.544,0.0
21361.336603021027,0.528,-0.008
21361.33686799407,0.536,0.0
21361.337132967114,0.52,-0.008
21361.33739794016,0.52,-0.008
21361.337662913204,0.544,0.0
21361.33792788625,0.528,0.0
21361.338192859293,0.544,-0.008
21361.338457832335,0.528,0.0
21361.33872280538,0.536,-0.016
21361.338987778425,0.528,0.0
21361.33925275147,0.544,-0.016
21361.339517724515,0.528,-0.016
21361.33978269756,0.536,0.0
21361.3400476706,0.528,0.0
21361.340312643646,0.536,-0.016
21361.34057761669,0.52,0.0
21361.340842589736,0.536,-0.016
21361.34110756278,0.528,0.0
21361.341372535826,0.512,-0.016
21361.34163750887,0.512,-0.008
21361.341902481912,0.528,0.0
21361.342167454957,0.536,0.0
21361.342432428002,0.512,-0.008
21361.342697401047,0.512,0.0
21361.342962374092,0.52,-0.016
21361.343227347137,0.528,0.0
21361.34349232018,0.512,-0.016
21361.343757293223,0.528,0.0
21361.34402226627,0.512,-0.016
21361.344287239313,0.512,-0.016
21361.34455221236,0.528,0.0
21361.344817185403,0.512,0.0
21361.345082158445,0.528,-0.016
21361.34534713149,0.52,0.0
21361.345612104535,0.536,-0.016
21361.34587707758,0.536,-0.016
21361.346142050625,0.52,0.0
21361.34640702367,0.52,0.0
21361.34667199671,0.536,-0.016
21361.346936969756,0.52,0.0
21361.3472019428,0.544,-0.016
21361.347466915846,0.544,-0.016
21361.34773188889,0.512,0.0
21361.347996861936,0.528,-0.016
21361.34826183498,0.536,0.0
21361.348526808022,0.528,0.0
21361.348791781067,0.536,-0.016
21361.349056754112,0.536,-0.016
21361.349321727157,0.52,0.0
21361.349586700202,0.528,0.0
21361.349851673247,0.544,-0.016
21361.35011664629,0.528,0.0
21361.350381619333,0.544,-0.016
21361.35064659238,0.544,0.0
21361.350911565423,0.52,-0.016
21361.35117653847,0.528,-0.016
21361.351441511513,0.544,0.0
21361.351706484555,0.528,0.0
21361.3519714576,0.544,-0.016
21361.352236430645,0.528,0.0
21361.35250140369,0.544,-0.016
21361.352766376735,0.52,-0.016
21361.35303134978,0.544,0.0
21361.35329632282,0.528,0.0
21361.353561295866,0.536,-0.016
21361.35382626891,0.536,0.0
21361.354091241956,0.52,-0.016
21361.354356215,0.52,0.0
21361.354621188046,0.536,-0.016
21361.35488616109,0.536,0.0
21361.355151134132,0.512,-0.016
21361.355416107177,0.512,-0.016
21361.355681080222,0.536,0.0
21361.355946053267,0.528,0.0
21361.356211026312,0.544,-0.016
21361.356475999357,0.528,-0.016
21361.3567409724,0.544,0.0
21361.357005945443,0.52,-0.016
21361.35727091849,0.536,0.0
21361.357535891533,0.528,-0.016
21361.357800864578,0.544,0.0
21361.358065837623,0.536,-0.016
21361.358330810664,0.528,0.0
21361.35859578371,0.528,0.0
21361.358860756754,0.536,-0.016
21361.3591257298,0.528,-0.016
21361.359390702844,0.536,0.0
21361.35965567589,0.528,0.0
21361.35992064893,0.544,-0.016
21361.360185621976,0.528,-0.016
21361.36045059502,0.544,0.0
21361.360715568066,0.528,-0.016
21361.36098054111,0.544,0.0
21361.361245514156,0.528,0.0
21361.3615104872,0.544,-0.016
21361.361775460242,0.528,0.0
21361.362040433287,0.544,-0.016
21361.362305406332,0.528,0.0
21361.362570379377,0.544,-0.016
21361.362835352422,0.528,-0.016
21361.363100325467,0.536,0.0
21361.363365298508,0.52,0.0
21361.363630271553,0.544,-0.016
21361.363895244598,0.52,0.0
21361.364160217643,0.536,-0.016
21361.364425190688,0.528,0.0
21361.364690163733,0.544,-0.016
21361.364955136774,0.52,0.0
21361.36522010982,0.544,-0.016
21361.365485082864,0.528,0.0
21361.36575005591,0.544,-0.016
21361.366015028954,0.528,-0.016
21361.366280002,0.536,0.0
21361.36654497504,0.528,0.0
21361.366809948086,0.536,-0.016
21361.36707492113,0.528,-0.016
21361.367339894176,0.536,0.0
21361.36760486722,0.528,0.0
21361.367869840265,0.544,-0.016
21361.36813481331,0.544,-0.016
21361.36839978635,0.528,0.0
21361.368664759397,0.536,-0.016
21361.36892973244,0.52,0.0
21361.369194705487,0.528,0.0
21361.36945967853,0.544,-0.016
21361.369724651577,0.528,0.0
21361.369989624618,0.536,-0.016
21361.370254597663,0.528,-0.016
21361.370519570708,0.544,0.0
21361.370784543753,0.528,0.0
21361.371049516798,0.544,-0.016
21361.371314489843,0.528,-0.016
21361.371579462884,0.544,0.0
21361.37184443593,0.536,-0.016
21361.372109408974,0.52,0.0
21361.37237438202,0.528,0.0
21361.372639355064,0.544,-0.016
21361.37290432811,0.528,0.0
21361.37316930115,0.544,-0.016
21361.373434274195,0.528,-0.016
21361.37369924724,0.536,0.0
21361.373964220285,0.528,-0.008
21361.37422919333,0.544,-0.016
21361.374494166375,0.544,0.0
21361.37475913942,0.528,-0.016
21361.37502411246,0.528,0.0
21361.375289085507,0.536,-0.016
21361.37555405855,0.528,0.0
21361.375819031597,0.528,-0.016
21361.37608400464,0.528,-0.016
21361.376348977687,0.536,0.0
21361.376613950728,0.528,-0.016
21361.376878923773,0.544,0.0
21361.377143896818,0.528,0.0
21361.377408869863,0.544,-0.016
21361.377673842908,0.536,0.0
21361.377938815953,0.528,-0.016
21361.378203788994,0.544,-0.016
21361.37846876204,0.528,0.0
21361.378733735084,0.528,0.0
21361.37899870813,0.544,-0.016
21361.379263681174,0.544,-0.016
21361.37952865422,0.52,0.0
21361.37979362726,0.528,-0.016
21361.380058600305,0.544,0.0
21361.38032357335,0.528,0.0
21361.380588546395,0.536,-0.016
21361.38085351944,0.544,-0.016
21361.381118492485,0.52,0.0
21361.38138346553,0.52,-0.016
21361.38164843857,0.544,0.0
21361.381913411617,0.544,0.0
21361.38217838466,0.528,-0.016
21361.382443357707,0.528,-0.016
21361.38270833075,0.544,0.0
21361.382973303796,0.528,-0.016
21361.383238276838,0.544,-0.008
21361.383503249883,0.528,-0.016
21361.383768222928,0.544,0.0
21361.384033195973,0.528,-0.016
21361.384298169018,0.544,0.0
21361.384563142063,0.52,-0.016
21361.384828115104,0.544,0.0
21361.38509308815,0.544,0.0
21361.385358061194,0.52,-0.016
21361.38562303424,0.528,0.0
21361.385888007284,0.536,-0.016
21361.38615298033,0.528,0.0
21361.38641795337,0.536,-0.016
21361.386682926415,0.52,0.0
21361.38694789946,0.536,-0.016
21361.387212872505,0.544,-0.016
21361.38747784555,0.528,0.0
21361.387742818595,0.536,0.0
21361.38800779164,0.52,-0.016
21361.38827276468,0.52,0.0
21361.388537737726,0.536,-0.016
21361.38880271077,0.528,0.0
21361.389067683816,0.536,-0.016
21361.38933265686,0.528,-0.016
21361.389597629906,0.544,0.0
21361.389862602948,0.528,-0.016
21361.390127575993,0.536,0.0
21361.390392549038,0.528,-0.016
21361.390657522083,0.536,0.0
21361.390922495128,0.528,-0.016
21361.391187468173,0.544,0.0
21361.391452441214,0.544,-0.016
21361.39171741426,0.52,0.0
21361.391982387304,0.536,-0.016
21361.39224736035,0.52,0.0
21361.392512333394,0.528,-0.008
21361.39277730644,0.536,0.024
21361.39304227948,0.528,0.024
21361.393307252525,0.536,0.128
21361.39357222557,0.52,0.136
21361.393837198615,0.544,0.28800000000000003
21361.39410217166,0.528,0.28800000000000003
21361.394367144705,0.544,0.36
21361.39463211775,0.528,0.36
21361.39489709079,0.544,0.384
21361.395162063836,0.52,0.384
21361.39542703688,0.544,0.392
21361.395692009926,0.52,0.392
21361.39595698297,0.528,0.4
21361.396221956016,0.52,0.392
21361.396486929058,0.536,0.40800000000000003
21361.396751902103,0.512,0.392
21361.397016875148,0.536,0.40800000000000003
21361.397281848193,0.544,0.392
21361.397546821237,0.528,0.4
21361.397811794282,0.528,0.392
21361.398076767324,0.544,0.40800000000000003
21361.39834174037,0.528,0.392
21361.398606713414,0.544,0.4
21361.39887168646,0.528,0.392
21361.399136659504,0.544,0.40800000000000003
21361.39940163255,0.528,0.392
21361.39966660559,0.544,0.40800000000000003
21361.399931578635,0.528,0.4
21361.40019655168,0.544,0.392
21361.400461524725,0.536,0.4
21361.40072649777,0.52,0.392
21361.400991470815,0.528,0.392
21361.40125644386,0.544,0.40800000000000003
21361.4015214169,0.528,0.4
21361.401786389946,0.536,0.392
21361.40205136299,0.528,0.392
21361.402316336036,0.544,0.40800000000000003
21361.40258130908,0.528,0.392
21361.402846282126,0.544,0.40800000000000003
21361.403111255167,0.528,0.392
21361.403376228212,0.544,0.40800000000000003
21361.403641201257,0.528,0.392
21361.403906174302,0.536,0.40800000000000003
21361.404171147347,0.528,0.4
21361.404436120392,0.544,0.392
21361.404701093434,0.528,0.392
21361.40496606648,0.536,0.4
21361.405231039524,0.528,0.392
21361.40549601257,0.536,0.40800000000000003
21361.405760985614,0.52,0.392
21361.40602595866,0.544,0.40800000000000003
21361.4062909317,0.528,0.392
21361.406555904745,0.544,0.4
21361.40682087779,0.536,0.392
21361.407085850835,0.528,0.4
21361.40735082388,0.536,0.392
21361.407615796925,0.52,0.4
21361.40788076997,0.528,0.392
21361.40814574301,0.544,0.40800000000000003
21361.408410716056,0.528,0.392
21361.4086756891,0.544,0.40800000000000003
21361.408940662146,0.528,0.392
21361.40920563519,0.544,0.40800000000000003
21361.409470608236,0.528,0.392
21361.409735581277,0.544,0.4
21361.410000554322,0.528,0.4
21361.410265527367,0.544,0.392
21361.410530500412,0.528,0.392
21361.410795473457,0.544,0.4
21361.411060446502,0.544,0.392
21361.411325419544,0.52,0.40800000000000003
21361.41159039259,0.528,0.392
21361.411855365634,0.536,0.40800000000000003
21361.41212033868,0.528,0.40800000000000003
21361.412385311723,0.544,0.392
21361.41265028477,0.528,0.392
21361.41291525781,0.544,0.40800000000000003
21361.413180230855,0.536,0.392
21361.4134452039,0.52,0.40800000000000003
21361.413710176945,0.528,0.40800000000000003
21361.41397514999,0.544,0.392
21361.414240123035,0.528,0.392
21361.41450509608,0.544,0.40800000000000003
21361.41477006912,0.528,0.392
21361.415035042166,0.536,0.40800000000000003
21361.41530001521,0.528,0.392
21361.415564988256,0.52,0.4
21361.4158299613,0.52,0.392
21361.416094934346,0.536,0.40800000000000003
21361.416359907387,0.528,0.40800000000000003
21361.416624880432,0.52,0.392
21361.416889853477,0.528,0.392
21361.417154826522,0.512,0.40800000000000003
21361.417419799567,0.52,0.40800000000000003
21361.417684772612,0.536,0.392
21361.417949745653,0.536,0.392
21361.4182147187,0.512,0.40800000000000003
21361.418479691743,0.52,0.392
21361.41874466479,0.512,0.40800000000000003
21361.419009637833,0.512,0.392
21361.41927461088,0.528,0.40800000000000003
21361.41953958392,0.52,0.40800000000000003
21361.419804556965,0.536,0.392
21361.42006953001,0.52,0.392
21361.420334503055,0.528,0.4
21361.4205994761,0.536,0.4
21361.420864449145,0.512,0.392
21361.42112942219,0.528,0.392
21361.42139439523,0.512,0.4
21361.421659368276,0.512,0.40800000000000003
21361.42192434132,0.536,0.392
21361.422189314366,0.52,0.392
21361.42245428741,0.536,0.4
21361.422719260456,0.52,0.392
21361.422984233497,0.512,0.4
21361.423249206542,0.512,0.392
21361.423514179587,0.52,0.4
21361.423779152632,0.528,0.392
21361.424044125677,0.512,0.4
21361.424309098722,0.52,0.392
21361.424574071763,0.536,0.4
21361.42483904481,0.544,0.392
21361.425104017853,0.512,0.40800000000000003
21361.4253689909,0.512,0.392
21361.425633963943,0.544,0.4
21361.42589893699,0.528,0.392
21361.42616391003,0.536,0.4
21361.426428883075,0.528,0.392
21361.42669385612,0.544,0.40800000000000003
21361.426958829165,0.52,0.392
21361.42722380221,0.544,0.4
21361.427488775254,0.528,0.392
21361.4277537483,0.544,0.4
21361.42801872134,0.528,0.392
21361.428283694386,0.544,0.40800000000000003
21361.42854866743,0.528,0.4
21361.428813640476,0.544,0.392
21361.42907861352,0.528,0.392
21361.429343586566,0.544,0.40800000000000003
21361.429608559607,0.528,0.392
21361.429873532652,0.544,0.40800000000000003
21361.430138505697,0.528,0.392
21361.430403478742,0.544,0.4
21361.430668451787,0.528,0.392
21361.430933424832,0.536,0.40800000000000003
21361.431198397873,0.536,0.40800000000000003
21361.43146337092,0.52,0.392
21361.431728343963,0.536,0.392
21361.431993317008,0.528,0.4
21361.432258290053,0.536,0.392
21361.432523263098,0.52,0.4
21361.43278823614,0.528,0.4
21361.433053209184,0.544,0.392
21361.43331818223,0.52,0.392
21361.433583155274,0.544,0.40800000000000003
21361.43384812832,0.528,0.392
21361.434113101364,0.544,0.4
21361.43437807441,0.528,0.392
21361.43464304745,0.544,0.40800000000000003
21361.434908020496,0.528,0.392
21361.43517299354,0.544,0.40800000000000003
21361.435437966586,0.528,0.392
21361.43570293963,0.544,0.40800000000000003
21361.435967912676,0.528,0.392
21361.436232885717,0.544,0.4
21361.436497858762,0.528,0.392
21361.436762831807,0.536,0.4
21361.437027804852,0.528,0.392
21361.437292777897,0.536,0.4
21361.43755775094,0.536,0.392
21361.437822723983,0.528,0.4
21361.438087697028,0.528,0.392
21361.438352670073,0.536,0.40800000000000003
21361.438617643118,0.528,0.392
21361.438882616163,0.544,0.40800000000000003
21361.439147589208,0.528,0.392
21361.43941256225,0.544,0.4
21361.439677535294,0.528,0.392
21361.43994250834,0.544,0.4
